service_id,monday,tuesday,wednesday,thursday,friday,saturday,sunday,start_date,end_date
646687,1,1,1,1,1,0,0,20140603,20140604
644154,1,1,1,1,1,0,0,20140605,20140703
644156,1,1,1,1,1,0,0,20140707,20140829
644158,1,1,1,1,1,0,0,20140902,20150902
643519,1,1,1,1,1,0,0,20140529,20140703
643520,1,1,1,1,1,0,0,20140707,20140829
643522,1,1,1,1,1,0,0,20140902,20150902
644159,0,0,1,1,1,0,0,20140530,20140530
633810,1,1,1,1,1,0,0,20140602,20140620
633811,1,1,1,1,1,0,0,20140623,20140703
644160,1,1,1,1,1,0,0,20140707,20140829
644162,1,1,1,1,1,0,0,20140902,20150902
649582,1,1,1,1,1,0,0,20140608,20140620
649583,1,1,1,1,1,0,0,20140623,20140703
649584,1,1,1,1,1,0,0,20140707,20140829
643534,1,1,1,1,1,0,0,20140902,20150902
649576,1,1,1,1,1,0,0,20140608,20140620
649577,1,1,1,1,1,0,0,20140623,20140703
649579,1,1,1,1,1,0,0,20140707,20140829
649581,1,1,1,1,1,0,0,20140902,20150902
644923,1,1,1,1,1,0,0,20140531,20140703
644924,1,1,1,1,1,0,0,20140707,20140829
644926,1,1,1,1,1,0,0,20140902,20150902
649585,1,1,1,1,1,0,0,20140608,20140620
649586,1,1,1,1,1,0,0,20140623,20140703
649587,1,1,1,1,1,0,0,20140707,20140829
643540,1,1,1,1,1,0,0,20140902,20150902
644170,1,1,1,1,1,0,0,20140530,20140703
644171,1,1,1,1,1,0,0,20140707,20140829
644173,1,1,1,1,1,0,0,20140902,20150902
649588,1,1,1,1,1,0,0,20140608,20140620
649589,1,1,1,1,1,0,0,20140623,20140703
649591,1,1,1,1,1,0,0,20140707,20140711
649592,1,1,1,1,1,0,0,20140714,20140829
649594,1,1,1,1,1,0,0,20140902,20150902
644927,1,1,1,1,1,0,0,20140531,20140606
626447,1,1,1,1,1,0,0,20140609,20140703
644928,1,1,1,1,1,0,0,20140707,20140829
644930,1,1,1,1,1,0,0,20140902,20150902
644933,1,1,1,1,1,0,0,20140531,20140703
644931,1,1,1,1,1,0,0,20140707,20140829
644934,1,1,1,1,1,0,0,20140902,20150902
644935,1,1,1,1,1,0,0,20140531,20140703
644936,1,1,1,1,1,0,0,20140707,20140829
644938,1,1,1,1,1,0,0,20140902,20150902
645008,1,1,1,1,1,0,0,20140531,20140703
645009,1,1,1,1,1,0,0,20140707,20140829
645011,1,1,1,1,1,0,0,20140902,20150902
644174,1,1,1,1,1,0,0,20140530,20140703
644176,1,1,1,1,1,0,0,20140707,20140829
644178,1,1,1,1,1,0,0,20140902,20150902
649595,1,1,1,1,1,0,0,20140608,20140620
649596,1,1,1,1,1,0,0,20140623,20140703
649598,1,1,1,1,1,0,0,20140707,20140711
649599,1,1,1,1,1,0,0,20140714,20140829
649601,1,1,1,1,1,0,0,20140902,20150902
643547,1,1,1,1,1,0,0,20140529,20140703
643549,1,1,1,1,1,0,0,20140707,20140829
643551,1,1,1,1,1,0,0,20140902,20150902
644179,1,1,1,1,1,0,0,20140530,20140703
644181,1,1,1,1,1,0,0,20140707,20140829
644183,1,1,1,1,1,0,0,20140902,20150902
643558,1,1,1,1,1,0,0,20140529,20140703
643560,1,1,1,1,1,0,0,20140707,20140829
643562,1,1,1,1,1,0,0,20140902,20150902
644184,0,0,1,1,1,0,0,20140530,20140530
633848,1,1,1,1,1,0,0,20140602,20140620
633849,1,1,1,1,1,0,0,20140623,20140703
644185,1,1,1,1,1,0,0,20140707,20140829
644187,1,1,1,1,1,0,0,20140902,20150902
649602,1,1,1,1,1,0,0,20140608,20140620
649603,1,1,1,1,1,0,0,20140623,20140703
649605,1,1,1,1,1,0,0,20140707,20140711
649606,1,1,1,1,1,0,0,20140714,20140829
649608,1,1,1,1,1,0,0,20140902,20150902
644939,1,1,1,1,1,0,0,20140602,20140620
644940,1,1,1,1,1,0,0,20140623,20140703
644942,1,1,1,1,1,0,0,20140707,20140829
644944,1,1,1,1,1,0,0,20140902,20150902
644188,1,1,1,1,1,0,0,20140530,20140703
644190,1,1,1,1,1,0,0,20140707,20140829
644192,1,1,1,1,1,0,0,20140902,20150902
645923,1,1,1,1,1,0,0,20140601,20140605
645924,0,0,0,0,1,0,0,20140606,20140606
645925,1,1,1,1,1,0,0,20140609,20140703
645927,1,1,1,1,1,0,0,20140707,20140829
645929,1,1,1,1,1,0,0,20140902,20150902
644193,1,1,1,1,1,0,0,20140530,20140703
644195,1,1,1,1,1,0,0,20140707,20140829
644197,1,1,1,1,1,0,0,20140902,20150902
644950,1,1,1,1,1,0,0,20140602,20140620
644951,1,1,1,1,1,0,0,20140623,20140703
644953,1,1,1,1,1,0,0,20140707,20140829
644955,1,1,1,1,1,0,0,20140902,20150902
644198,1,1,1,1,1,0,0,20140530,20140703
644200,1,1,1,1,1,0,0,20140707,20140829
644202,1,1,1,1,1,0,0,20140902,20150902
644962,1,1,1,1,1,0,0,20140531,20140703
644964,1,1,1,1,1,0,0,20140707,20140829
644966,1,1,1,1,1,0,0,20140902,20150902
644956,1,1,1,1,1,0,0,20140602,20140620
644957,1,1,1,1,1,0,0,20140623,20140703
644959,1,1,1,1,1,0,0,20140707,20140829
644961,1,1,1,1,1,0,0,20140902,20150902
644203,1,1,1,1,1,0,0,20140530,20140703
644205,1,1,1,1,1,0,0,20140707,20140829
644207,1,1,1,1,1,0,0,20140902,20150902
644967,1,1,1,1,1,0,0,20140531,20140703
644969,1,1,1,1,1,0,0,20140707,20140829
644971,1,1,1,1,1,0,0,20140902,20150902
644212,1,1,1,1,1,0,0,20140530,20140703
644209,1,1,1,1,1,0,0,20140707,20140829
644211,1,1,1,1,1,0,0,20140902,20150902
644251,1,1,1,1,1,0,0,20140530,20140703
644253,1,1,1,1,1,0,0,20140707,20140829
644255,1,1,1,1,1,0,0,20140902,20150902
644213,1,1,1,1,1,0,0,20140530,20140703
644215,1,1,1,1,1,0,0,20140707,20140829
644217,1,1,1,1,1,0,0,20140902,20150902
643567,0,0,0,0,0,1,0,20140531,20150620
625610,0,0,0,0,1,0,0,20140704,20140704
643568,0,0,0,0,0,0,1,20140831,20140831
643569,0,0,0,0,0,0,1,20140601,20140824
643571,1,0,0,0,0,0,0,20140901,20140901
643572,0,0,0,0,0,0,1,20140907,20150907
643573,0,0,0,0,0,1,0,20140531,20150620
625612,0,0,0,0,1,0,0,20140704,20140704
643574,0,0,0,0,0,0,1,20140831,20140831
644972,0,0,0,0,0,0,1,20140601,20140824
644974,1,0,0,0,0,0,0,20140901,20140901
644975,0,0,0,0,0,0,1,20140907,20150907
643575,0,0,0,0,0,0,1,20140601,20140824
643578,1,0,0,0,0,0,0,20140901,20140901
643577,0,0,0,0,0,0,1,20140907,20150907
644976,0,0,0,0,0,1,1,20140531,20150620
625615,0,0,0,0,1,0,0,20140704,20140704
644977,1,0,0,0,0,0,0,20140901,20140901
643579,0,0,0,0,0,0,1,20140601,20140824
643581,1,0,0,0,0,0,0,20140901,20140901
643582,0,0,0,0,0,0,1,20140907,20150907
644978,0,0,0,0,0,1,0,20140531,20150620
644979,0,0,0,0,1,0,0,20140704,20140704
644980,0,0,0,0,0,0,1,20140831,20140831
644982,0,0,0,0,0,1,0,20140531,20150620
625620,0,0,0,0,1,0,0,20140704,20140704
644983,0,0,0,0,0,0,1,20140831,20140831
644218,0,0,0,0,0,0,1,20140601,20140824
644220,1,0,0,0,0,0,0,20140901,20140901
644221,0,0,0,0,0,0,1,20140907,20150907
644984,0,0,0,0,0,0,1,20140601,20140824
644986,1,0,0,0,0,0,0,20140901,20140901
644987,0,0,0,0,0,0,1,20140907,20150907
644222,0,0,0,0,0,0,1,20140601,20140824
644224,1,0,0,0,0,0,0,20140901,20140901
644225,0,0,0,0,0,0,1,20140907,20150907
644988,0,0,0,0,0,0,1,20140601,20140824
644990,1,0,0,0,0,0,0,20140901,20140901
644991,0,0,0,0,0,0,1,20140907,20150907
644226,0,0,0,0,0,1,1,20140531,20150620
644227,0,0,0,0,1,0,0,20140704,20140704
644228,1,0,0,0,0,0,0,20140901,20140901
643585,0,0,0,0,0,1,0,20140531,20150620
643583,0,0,0,0,1,0,0,20140704,20140704
643584,0,0,0,0,0,0,1,20140831,20140831
644992,0,0,0,0,0,0,1,20140601,20140824
644994,1,0,0,0,0,0,0,20140901,20140901
644995,0,0,0,0,0,0,1,20140907,20150907
644229,0,0,0,0,0,1,1,20140531,20150620
644230,0,0,0,0,1,0,0,20140704,20140704
644231,1,0,0,0,0,0,0,20140901,20140901
644996,0,0,0,0,0,0,1,20140601,20140824
644998,1,0,0,0,0,0,0,20140901,20140901
644999,0,0,0,0,0,0,1,20140907,20150907
644232,0,0,0,0,0,0,1,20140601,20140824
644234,1,0,0,0,0,0,0,20140901,20140901
644235,0,0,0,0,0,0,1,20140907,20150907
645000,0,0,0,0,0,0,1,20140601,20140824
645002,1,0,0,0,0,0,0,20140901,20140901
645003,0,0,0,0,0,0,1,20140907,20150907
644236,0,0,0,0,0,0,1,20140601,20140824
644238,1,0,0,0,0,0,0,20140901,20140901
644239,0,0,0,0,0,0,1,20140907,20150907
645004,0,0,0,0,0,0,1,20140601,20140824
645006,1,0,0,0,0,0,0,20140901,20140901
645007,0,0,0,0,0,0,1,20140907,20150907
644243,0,0,0,0,0,0,1,20140601,20140824
644245,1,0,0,0,0,0,0,20140901,20140901
644246,0,0,0,0,0,0,1,20140907,20150907
644240,0,0,0,0,0,1,0,20140531,20150620
625636,0,0,0,0,1,0,0,20140704,20140704
644241,0,0,0,0,0,0,1,20140831,20140831
644247,0,0,0,0,0,0,1,20140601,20140824
644249,1,0,0,0,0,0,0,20140901,20140901
644250,0,0,0,0,0,0,1,20140907,20150907
621342,1,1,1,1,1,1,1,20140416,20140504
621343,1,1,1,1,1,1,1,20140505,20140611
618935,1,1,1,1,1,1,1,20140612,20140928
618936,1,1,1,1,1,1,1,20140929,20150929
621340,1,1,1,1,1,1,1,20140416,20140504
621341,1,1,1,1,1,1,1,20140505,20140611
618931,1,1,1,1,1,1,1,20140612,20140928
618932,1,1,1,1,1,1,1,20140929,20150929
636086,1,1,1,1,1,1,1,20140515,20140602
636087,0,1,0,0,0,0,0,20140603,20140603
636088,1,1,1,1,1,1,1,20140604,20150620
652264,1,0,0,0,0,0,1,20130901,20130902
652265,1,1,1,1,1,1,1,20130903,20130909
652266,1,1,1,1,1,1,1,20130910,20150620
648214,1,1,1,1,1,0,0,20140605,20140703
648216,1,1,1,1,1,0,0,20140707,20140829
648218,1,1,1,1,1,0,0,20140902,20150902
648212,0,0,0,0,0,1,1,20140607,20150620
626409,0,0,0,0,1,0,0,20140704,20140704
648213,1,0,0,0,0,0,0,20140901,20140901
652260,1,0,0,0,0,0,1,20130901,20130902
652261,1,1,1,1,1,1,1,20130903,20130909
652262,1,1,1,1,1,1,1,20130910,20150620
636095,1,1,1,1,1,1,1,20140515,20140601
636093,1,0,0,0,0,0,0,20140602,20140602
636094,1,1,1,1,1,1,1,20140603,20150620
636083,1,1,1,1,1,1,1,20140515,20140601
636084,1,1,0,0,0,0,0,20140602,20140603
636085,1,1,1,1,1,1,1,20140604,20150620
574000,1,1,1,1,1,1,1,20131229,20140105
573999,1,1,1,1,1,1,1,20140106,20150620
642174,1,1,1,1,1,1,1,20140525,20140706
642175,1,1,1,1,1,1,1,20140707,20140930
642176,1,1,1,1,1,1,1,20141001,20151001
642164,1,1,1,1,1,1,1,20140525,20140706
642165,1,1,1,1,1,1,1,20140707,20140930
642166,1,1,1,1,1,1,1,20141001,20151001
642177,1,1,1,1,1,1,1,20140525,20140706
642178,1,1,1,1,1,1,1,20140707,20140930
642179,1,1,1,1,1,1,1,20141001,20151001
642168,1,1,1,1,1,1,1,20140525,20140706
642167,1,1,1,1,1,1,1,20140707,20140930
642169,1,1,1,1,1,1,1,20141001,20151001
630655,1,1,1,1,1,1,1,20140503,20140511
630654,1,1,1,1,1,1,1,20140513,20150620
630656,1,1,1,1,1,1,1,20140503,20140511
630658,1,1,1,1,1,1,1,20140513,20150620
629720,1,1,1,1,1,1,1,20140501,20140518
629721,1,1,1,1,1,1,1,20140519,20140831
629722,1,1,1,1,1,1,1,20140901,20150901
593472,1,1,1,1,1,1,1,20140202,20140209
593473,1,1,1,1,1,1,1,20140210,20150620
605506,1,1,1,1,1,1,1,20140302,20140321
605507,1,0,0,0,0,1,1,20140322,20140324
605508,1,1,1,1,1,1,1,20140325,20150620
605509,0,0,0,1,1,0,0,20140302,20150620
605510,1,1,1,0,0,1,1,20140302,20140323
605511,1,1,1,0,0,0,0,20140324,20140326
605512,1,1,1,0,0,1,1,20140329,20150620
645012,1,1,1,1,1,0,0,20140531,20140703
645013,1,1,1,1,1,0,0,20140707,20140829
645015,1,1,1,1,1,0,0,20140902,20150902
645112,1,1,1,1,1,0,0,20140531,20140703
645113,1,1,1,1,1,0,0,20140707,20140829
645115,1,1,1,1,1,0,0,20140902,20150902
645016,1,1,1,1,1,0,0,20140531,20140703
645017,1,1,1,1,1,0,0,20140707,20140829
645019,1,1,1,1,1,0,0,20140902,20150902
645118,1,1,1,1,1,0,0,20140531,20140703
645116,1,1,1,1,1,0,0,20140707,20140829
645119,1,1,1,1,1,0,0,20140902,20150902
645020,1,1,1,1,1,0,0,20140531,20140703
645021,1,1,1,1,1,0,0,20140707,20140829
645023,1,1,1,1,1,0,0,20140902,20150902
645124,1,1,1,1,1,0,0,20140531,20140703
645125,1,1,1,1,1,0,0,20140707,20140829
645127,1,1,1,1,1,0,0,20140902,20150902
645024,1,1,1,1,1,0,0,20140531,20140703
645025,1,1,1,1,1,0,0,20140707,20140829
645027,1,1,1,1,1,0,0,20140902,20150902
645028,1,1,1,1,1,0,0,20140531,20140703
645029,1,1,1,1,1,0,0,20140707,20140829
645031,1,1,1,1,1,0,0,20140902,20150902
645120,1,1,1,1,1,0,0,20140531,20140703
645121,1,1,1,1,1,0,0,20140707,20140829
645123,1,1,1,1,1,0,0,20140902,20150902
645032,1,1,1,1,1,0,0,20140531,20140703
645033,1,1,1,1,1,0,0,20140707,20140829
645035,1,1,1,1,1,0,0,20140902,20150902
645036,1,1,1,1,1,0,0,20140531,20140703
645037,1,1,1,1,1,0,0,20140707,20140829
645039,1,1,1,1,1,0,0,20140902,20150902
645128,1,1,1,1,1,0,0,20140531,20140703
645129,1,1,1,1,1,0,0,20140707,20140829
645131,1,1,1,1,1,0,0,20140902,20150902
645040,1,1,1,1,1,0,0,20140531,20140703
645041,1,1,1,1,1,0,0,20140707,20140829
645043,1,1,1,1,1,0,0,20140902,20150902
645132,1,1,1,1,1,0,0,20140531,20140703
645133,1,1,1,1,1,0,0,20140707,20140829
645135,1,1,1,1,1,0,0,20140902,20150902
645044,1,1,1,1,1,0,0,20140531,20140703
645045,1,1,1,1,1,0,0,20140707,20140829
645047,1,1,1,1,1,0,0,20140902,20150902
645138,1,1,1,1,1,0,0,20140531,20140703
645136,1,1,1,1,1,0,0,20140707,20140829
645139,1,1,1,1,1,0,0,20140902,20150902
645048,1,1,1,1,1,0,0,20140531,20140703
645049,1,1,1,1,1,0,0,20140707,20140829
645051,1,1,1,1,1,0,0,20140902,20150902
645140,1,1,1,1,1,0,0,20140531,20140703
645141,1,1,1,1,1,0,0,20140707,20140829
645143,1,1,1,1,1,0,0,20140902,20150902
645052,1,1,1,1,1,0,0,20140531,20140703
645053,1,1,1,1,1,0,0,20140707,20140829
645055,1,1,1,1,1,0,0,20140902,20150902
645056,1,1,1,1,1,0,0,20140531,20140703
645057,1,1,1,1,1,0,0,20140707,20140829
645059,1,1,1,1,1,0,0,20140902,20150902
645060,1,1,1,1,1,0,0,20140531,20140703
645061,1,1,1,1,1,0,0,20140707,20140829
645063,1,1,1,1,1,0,0,20140902,20150902
645064,1,1,1,1,1,0,0,20140531,20140703
645065,1,1,1,1,1,0,0,20140707,20140829
645067,1,1,1,1,1,0,0,20140902,20150902
645144,1,1,1,1,1,0,0,20140531,20140703
645145,1,1,1,1,1,0,0,20140707,20140829
645147,1,1,1,1,1,0,0,20140902,20150902
645068,1,1,1,1,1,0,0,20140531,20140703
645069,1,1,1,1,1,0,0,20140707,20140829
645071,1,1,1,1,1,0,0,20140902,20150902
645148,1,1,1,1,1,0,0,20140531,20140703
645149,1,1,1,1,1,0,0,20140707,20140829
645151,1,1,1,1,1,0,0,20140902,20150902
645072,1,1,1,1,1,0,0,20140531,20140703
645073,1,1,1,1,1,0,0,20140707,20140829
645075,1,1,1,1,1,0,0,20140902,20150902
645076,1,1,1,1,1,0,0,20140531,20140703
645077,1,1,1,1,1,0,0,20140707,20140829
645079,1,1,1,1,1,0,0,20140902,20150902
645080,1,1,1,1,1,0,0,20140531,20140703
645081,1,1,1,1,1,0,0,20140707,20140829
645083,1,1,1,1,1,0,0,20140902,20150902
645152,1,1,1,1,1,0,0,20140531,20140703
645153,1,1,1,1,1,0,0,20140707,20140829
645155,1,1,1,1,1,0,0,20140902,20150902
645084,1,1,1,1,1,0,0,20140531,20140703
645085,1,1,1,1,1,0,0,20140707,20140829
645087,1,1,1,1,1,0,0,20140902,20150902
645156,0,0,0,0,0,1,1,20140531,20150620
627558,0,0,0,0,1,0,0,20140704,20140704
645157,1,0,0,0,0,0,0,20140901,20140901
645158,0,0,0,0,0,1,1,20140531,20150620
627561,0,0,0,0,1,0,0,20140704,20140704
645159,1,0,0,0,0,0,0,20140901,20140901
645088,0,0,0,0,0,1,1,20140531,20150620
627467,0,0,0,0,1,0,0,20140704,20140704
645089,1,0,0,0,0,0,0,20140901,20140901
645160,0,0,0,0,0,1,1,20140531,20150620
627564,0,0,0,0,1,0,0,20140704,20140704
645161,1,0,0,0,0,0,0,20140901,20140901
645090,0,0,0,0,0,1,1,20140531,20150620
627470,0,0,0,0,1,0,0,20140704,20140704
645091,1,0,0,0,0,0,0,20140901,20140901
645162,0,0,0,0,0,1,1,20140531,20150620
627567,0,0,0,0,1,0,0,20140704,20140704
645163,1,0,0,0,0,0,0,20140901,20140901
645092,0,0,0,0,0,1,1,20140531,20150620
627473,0,0,0,0,1,0,0,20140704,20140704
645093,1,0,0,0,0,0,0,20140901,20140901
645164,0,0,0,0,0,1,1,20140531,20150620
627570,0,0,0,0,1,0,0,20140704,20140704
645165,1,0,0,0,0,0,0,20140901,20140901
645094,0,0,0,0,0,1,1,20140531,20150620
627476,0,0,0,0,1,0,0,20140704,20140704
645095,1,0,0,0,0,0,0,20140901,20140901
645166,0,0,0,0,0,1,1,20140531,20150620
627573,0,0,0,0,1,0,0,20140704,20140704
645167,1,0,0,0,0,0,0,20140901,20140901
645168,0,0,0,0,0,1,1,20140531,20150620
627576,0,0,0,0,1,0,0,20140704,20140704
645169,1,0,0,0,0,0,0,20140901,20140901
645096,0,0,0,0,0,1,1,20140531,20150620
627479,0,0,0,0,1,0,0,20140704,20140704
645097,1,0,0,0,0,0,0,20140901,20140901
645098,0,0,0,0,0,1,1,20140531,20150620
627482,0,0,0,0,1,0,0,20140704,20140704
645099,1,0,0,0,0,0,0,20140901,20140901
645100,0,0,0,0,0,1,1,20140531,20150620
627485,0,0,0,0,1,0,0,20140704,20140704
645101,1,0,0,0,0,0,0,20140901,20140901
645102,0,0,0,0,0,1,1,20140531,20150620
627488,0,0,0,0,1,0,0,20140704,20140704
645103,1,0,0,0,0,0,0,20140901,20140901
645104,0,0,0,0,0,1,1,20140531,20150620
627491,0,0,0,0,1,0,0,20140704,20140704
645105,1,0,0,0,0,0,0,20140901,20140901
645106,0,0,0,0,0,1,1,20140531,20150620
627494,0,0,0,0,1,0,0,20140704,20140704
645107,1,0,0,0,0,0,0,20140901,20140901
645108,0,0,0,0,0,1,1,20140531,20150620
627497,0,0,0,0,1,0,0,20140704,20140704
645109,1,0,0,0,0,0,0,20140901,20140901
645110,0,0,0,0,0,1,1,20140531,20150620
627500,0,0,0,0,1,0,0,20140704,20140704
645111,1,0,0,0,0,0,0,20140901,20140901
645170,0,0,0,0,0,1,1,20140531,20150620
627579,0,0,0,0,1,0,0,20140704,20140704
645171,1,0,0,0,0,0,0,20140901,20140901
645174,0,0,0,0,0,1,1,20140531,20150620
627585,0,0,0,0,1,0,0,20140704,20140704
645175,1,0,0,0,0,0,0,20140901,20140901
645172,0,0,0,0,0,1,1,20140531,20150620
627582,0,0,0,0,1,0,0,20140704,20140704
645173,1,0,0,0,0,0,0,20140901,20140901
576379,1,1,1,1,1,1,1,20140102,20140106
576381,1,1,1,1,1,1,1,20140108,20150620
576382,1,1,1,1,1,1,1,20140102,20140106
576384,1,1,1,1,1,1,1,20140108,20150620
637466,0,0,0,0,0,1,0,20140518,20140518
637467,0,1,0,1,0,0,0,20140520,20140522
637468,0,0,0,0,0,1,0,20140524,20150620
637469,0,1,0,1,0,0,0,20140527,20150620
637470,0,0,1,0,1,0,0,20140518,20140523
637471,0,0,0,0,0,0,1,20140518,20140518
637472,0,0,0,0,0,0,1,20140525,20150620
637473,0,0,1,0,1,0,0,20140528,20150620
622071,1,1,1,1,1,1,1,20140418,20140608
622072,1,1,1,1,1,1,1,20140609,20150620
622073,1,1,1,1,1,1,1,20140418,20140608
622074,1,1,1,1,1,1,1,20140609,20150620
644264,1,1,1,1,1,1,1,20140530,20140604
644265,1,1,1,1,1,1,1,20140605,20150620
636596,1,1,1,1,1,0,0,20140516,20140703
636129,0,0,0,0,0,1,1,20140517,20150620
636130,0,0,0,0,1,0,0,20140704,20140704
636131,1,1,1,1,1,0,0,20140707,20150707
576490,1,1,1,1,1,1,1,20140102,20140106
576489,1,1,1,1,1,1,1,20140108,20150620
475472,1,1,1,1,1,1,1,20130531,20130714
475473,1,1,1,1,1,1,1,20130715,20150620
652280,1,0,0,0,0,0,1,20130901,20130902
652275,1,1,1,1,1,1,1,20130903,20130909
652276,0,1,1,1,0,0,0,20130910,20130912
652277,0,0,0,0,1,0,0,20130913,20130913
652278,1,1,1,1,1,1,1,20130914,20150620
629718,1,1,1,1,1,1,1,20140501,20140506
629719,1,1,1,1,1,1,1,20140507,20150620
611359,1,1,1,1,1,1,1,20140319,20140416
611360,0,0,0,1,0,0,0,20140417,20140417
611361,1,1,1,1,1,1,1,20140418,20140424
611362,0,0,0,0,1,0,0,20140425,20140425
611363,1,1,1,1,1,1,1,20140426,20150620
595818,0,0,0,0,1,1,0,20140207,20150620
595819,1,1,0,0,0,0,1,20140209,20140211
595821,1,1,1,1,0,0,1,20140216,20150620
652269,1,1,1,1,1,1,1,20130913,20131014
652267,1,1,1,1,1,1,1,20130908,20131014
640261,0,0,1,1,1,0,0,20140523,20140523
640263,1,1,1,1,1,0,0,20140527,20140703
640265,1,1,1,1,1,0,0,20140707,20140829
640267,1,1,1,1,1,0,0,20140902,20150902
636570,0,0,0,0,1,0,0,20140523,20140523
636572,1,1,1,1,1,0,0,20140527,20140703
640349,1,1,1,1,1,0,0,20140707,20140829
640351,1,1,1,1,1,0,0,20140902,20150902
640268,0,0,1,1,1,0,0,20140523,20140523
640270,1,1,1,1,1,0,0,20140527,20140703
640272,1,1,1,1,1,0,0,20140707,20140829
640274,1,1,1,1,1,0,0,20140902,20150902
636577,0,0,0,0,1,0,0,20140523,20140523
636579,1,1,1,1,1,0,0,20140527,20140703
640352,1,1,1,1,1,0,0,20140707,20140829
640354,1,1,1,1,1,0,0,20140902,20150902
636556,0,0,0,0,1,0,0,20140523,20140523
636558,1,1,1,1,1,0,0,20140527,20140703
640275,1,1,1,1,1,0,0,20140707,20140829
640277,1,1,1,1,1,0,0,20140902,20150902
640278,0,0,1,1,1,0,0,20140523,20140523
640280,1,1,1,1,1,0,0,20140527,20140703
640282,1,1,1,1,1,0,0,20140707,20140829
640284,1,1,1,1,1,0,0,20140902,20150902
636563,0,0,0,0,1,0,0,20140523,20140523
636565,1,1,1,1,1,0,0,20140527,20140703
640285,1,1,1,1,1,0,0,20140707,20140829
640287,1,1,1,1,1,0,0,20140902,20150902
640288,0,0,1,1,1,0,0,20140523,20140523
640290,1,1,1,1,1,0,0,20140527,20140703
640292,1,1,1,1,1,0,0,20140707,20140829
640294,1,1,1,1,1,0,0,20140902,20150902
640295,0,0,1,1,1,0,0,20140523,20140523
640297,1,1,1,1,1,0,0,20140527,20140703
640299,1,1,1,1,1,0,0,20140707,20140829
640301,1,1,1,1,1,0,0,20140902,20150902
640302,0,0,1,1,1,0,0,20140523,20140523
640304,1,1,1,1,1,0,0,20140527,20140703
640306,1,1,1,1,1,0,0,20140707,20140829
640308,1,1,1,1,1,0,0,20140902,20150902
640309,0,0,0,0,0,1,1,20140524,20150620
640310,1,0,0,0,0,0,0,20140526,20140526
640311,0,0,0,0,1,0,0,20140704,20140704
640312,1,0,0,0,0,0,0,20140901,20140901
640313,0,0,0,0,0,1,1,20140524,20150620
640314,1,0,0,0,0,0,0,20140526,20140526
640315,0,0,0,0,1,0,0,20140704,20140704
640316,1,0,0,0,0,0,0,20140901,20140901
640317,0,0,0,0,0,1,1,20140524,20150620
640318,1,0,0,0,0,0,0,20140526,20140526
640319,0,0,0,0,1,0,0,20140704,20140704
640320,1,0,0,0,0,0,0,20140901,20140901
640321,0,0,0,0,0,1,1,20140524,20150620
640322,1,0,0,0,0,0,0,20140526,20140526
640323,0,0,0,0,1,0,0,20140704,20140704
640324,1,0,0,0,0,0,0,20140901,20140901
640325,0,0,0,0,0,1,1,20140524,20150620
640326,1,0,0,0,0,0,0,20140526,20140526
640327,0,0,0,0,1,0,0,20140704,20140704
640328,1,0,0,0,0,0,0,20140901,20140901
640333,0,0,0,0,0,1,1,20140524,20150620
640334,1,0,0,0,0,0,0,20140526,20140526
640335,0,0,0,0,1,0,0,20140704,20140704
640336,1,0,0,0,0,0,0,20140901,20140901
640337,0,0,0,0,0,1,1,20140524,20150620
640338,1,0,0,0,0,0,0,20140526,20140526
640339,0,0,0,0,1,0,0,20140704,20140704
640340,1,0,0,0,0,0,0,20140901,20140901
640341,0,0,0,0,0,1,1,20140524,20150620
640342,1,0,0,0,0,0,0,20140526,20140526
640343,0,0,0,0,1,0,0,20140704,20140704
640344,1,0,0,0,0,0,0,20140901,20140901
640345,0,0,0,0,0,1,1,20140524,20150620
640346,1,0,0,0,0,0,0,20140526,20140526
640347,0,0,0,0,1,0,0,20140704,20140704
640348,1,0,0,0,0,0,0,20140901,20140901
640329,0,0,0,0,0,1,1,20140524,20150620
640330,1,0,0,0,0,0,0,20140526,20140526
640331,0,0,0,0,1,0,0,20140704,20140704
640332,1,0,0,0,0,0,0,20140901,20140901
649609,1,1,1,1,1,1,1,20140608,20140612
649610,1,1,1,1,1,1,1,20140613,20140908
649611,1,1,1,1,1,1,1,20140909,20140930
649612,0,0,1,1,1,0,0,20141001,20141003
649613,1,1,1,1,1,1,1,20141004,20151004
643586,0,1,1,1,1,0,0,20140529,20140530
643587,1,1,0,0,0,1,1,20140531,20140603
643588,0,0,1,1,0,0,0,20140604,20140605
643589,1,1,1,1,1,1,1,20140606,20140908
643590,1,1,1,1,1,1,1,20140909,20141003
643591,1,1,1,1,1,1,1,20141004,20151004
649614,1,1,1,1,1,1,1,20140608,20140612
649615,1,1,1,1,1,1,1,20140613,20140908
649616,1,1,1,1,1,1,1,20140909,20140930
649617,0,0,1,1,1,0,0,20141001,20141003
649618,1,1,1,1,1,1,1,20141004,20151004
643592,0,1,1,1,1,0,0,20140529,20140530
643593,1,1,0,0,0,1,1,20140531,20140603
643594,0,0,1,1,0,0,0,20140604,20140605
643595,1,1,1,1,1,1,1,20140606,20140908
643596,1,1,1,1,1,1,1,20140909,20141003
643597,1,1,1,1,1,1,1,20141004,20151004
641163,1,1,1,1,1,1,1,20140524,20140531
641161,1,1,1,0,0,0,1,20140601,20140604
641162,1,1,1,1,1,1,1,20140605,20150620
641164,1,1,1,1,1,1,1,20140524,20140530
641165,1,1,0,0,0,1,1,20140531,20140603
641166,1,1,1,1,1,1,1,20140604,20140610
641167,1,1,1,1,1,1,1,20140611,20150620
627220,1,1,1,1,1,0,0,20140527,20140703
641085,1,1,1,1,1,0,0,20140707,20140829
641087,1,1,1,1,1,0,0,20140902,20150902
627214,1,1,1,1,1,0,0,20140527,20140703
641082,1,1,1,1,1,0,0,20140707,20140829
641084,1,1,1,1,1,0,0,20140902,20150902
621054,1,1,1,1,1,1,1,20140416,20140504
621055,1,1,1,1,1,1,1,20140505,20150620
627232,1,1,1,1,1,0,0,20140527,20140703
641091,1,1,1,1,1,0,0,20140707,20140829
641093,1,1,1,1,1,0,0,20140902,20150902
627226,1,1,1,1,1,0,0,20140527,20140703
641088,1,1,1,1,1,0,0,20140707,20140829
641090,1,1,1,1,1,0,0,20140902,20150902
621058,1,1,1,1,1,1,1,20140416,20140504
621059,1,1,1,1,1,1,1,20140505,20150620
627237,1,1,1,1,1,0,0,20140527,20140703
641094,1,1,1,1,1,0,0,20140707,20140829
641096,1,1,1,1,1,0,0,20140902,20150902
621060,1,1,1,1,1,1,1,20140416,20140504
621061,1,1,1,1,1,1,1,20140505,20150620
627244,1,1,1,1,0,0,0,20140527,20140702
641097,1,1,1,1,0,0,0,20140707,20140828
641099,1,1,1,1,0,0,0,20140902,20150902
621692,1,1,1,1,1,1,1,20140417,20140504
621693,1,1,1,1,1,1,1,20140505,20150620
627249,1,1,1,1,1,0,0,20140527,20140703
641100,1,1,1,1,1,0,0,20140707,20140829
641102,1,1,1,1,1,0,0,20140902,20150902
627255,1,1,1,1,1,0,0,20140527,20140703
641103,1,1,1,1,1,0,0,20140707,20140829
641105,1,1,1,1,1,0,0,20140902,20150902
621064,1,1,1,1,1,1,1,20140416,20140504
621065,1,1,1,1,1,1,1,20140505,20150620
627262,1,1,1,1,1,0,0,20140527,20140605
627264,1,1,1,1,1,0,0,20140609,20140703
641106,1,1,1,1,1,0,0,20140707,20140829
641108,1,1,1,1,1,0,0,20140902,20150902
641111,0,0,0,0,0,1,1,20140524,20150620
627273,1,0,0,0,0,0,0,20140526,20140526
627274,0,0,0,0,1,0,0,20140704,20140704
641112,1,0,0,0,0,0,0,20140901,20140901
641109,0,0,0,0,0,1,0,20140524,20150620
627269,0,0,0,0,0,0,1,20140525,20140525
627270,0,0,0,0,1,0,0,20140704,20140704
641110,0,0,0,0,0,0,1,20140831,20140831
641113,0,0,0,0,0,1,1,20140524,20150620
627277,1,0,0,0,0,0,0,20140526,20140526
627278,0,0,0,0,1,0,0,20140704,20140704
641114,1,0,0,0,0,0,0,20140901,20140901
641116,1,0,0,0,0,0,0,20140526,20140526
641117,0,0,0,0,0,0,1,20140601,20140824
641119,1,0,0,0,0,0,0,20140901,20140901
641120,0,0,0,0,0,0,1,20140907,20150907
627279,0,0,0,0,1,0,0,20140427,20140502
627280,0,0,0,0,1,0,0,20140509,20140627
627281,0,0,0,1,0,0,0,20140703,20140703
627283,0,0,0,0,1,0,0,20140711,20150711
641136,1,0,0,0,0,0,0,20140526,20140526
641137,0,0,0,0,0,0,1,20140601,20140824
641138,0,0,0,0,0,1,0,20140719,20140830
641140,1,0,0,0,0,0,0,20140901,20140901
641141,0,0,0,0,0,0,1,20140907,20150907
641142,0,0,0,0,0,1,1,20140524,20150620
627296,1,0,0,0,0,0,0,20140526,20140526
627297,0,0,0,0,1,0,0,20140704,20140704
641143,1,0,0,0,0,0,0,20140901,20140901
641121,0,0,0,0,0,1,1,20140524,20150620
627286,1,0,0,0,0,0,0,20140526,20140526
627287,0,0,0,0,1,0,0,20140704,20140704
641122,1,0,0,0,0,0,0,20140901,20140901
641123,0,0,0,1,1,1,1,20140524,20140525
641125,1,1,1,1,1,1,0,20140527,20140830
641126,0,0,0,0,0,0,1,20140831,20140831
641128,1,1,1,1,1,1,0,20140902,20150902
622466,1,1,1,1,1,1,1,20140419,20140504
621078,1,1,1,1,1,1,1,20140505,20150620
621079,1,1,1,1,1,1,1,20140416,20140504
621080,1,1,1,1,1,1,1,20140505,20150620
622944,1,1,1,1,1,1,1,20140420,20140504
622945,1,1,1,1,1,1,1,20140505,20140526
622942,0,1,1,0,0,0,0,20140527,20140528
622943,1,1,1,1,1,1,1,20140529,20150620
641130,1,0,0,0,0,0,0,20140526,20140526
641131,0,0,0,0,0,0,1,20140601,20140824
641133,1,0,0,0,0,0,0,20140901,20140901
641134,0,0,0,0,0,0,1,20140907,20150907
627335,1,1,1,1,1,0,0,20140527,20140703
641173,1,1,1,1,1,0,0,20140707,20140829
641175,1,1,1,1,1,0,0,20140902,20150902
627343,1,1,1,1,0,1,1,20140427,20140504
627344,1,1,1,1,0,1,1,20140505,20140702
627346,0,0,0,0,1,0,0,20140704,20140704
627347,1,1,1,1,0,1,1,20140705,20150705
627354,0,0,0,0,0,1,0,20140427,20140503
627355,0,0,0,0,0,1,0,20140510,20140712
627356,0,0,0,0,0,0,1,20140525,20140525
627357,0,0,0,0,1,0,0,20140704,20140704
627359,0,0,0,0,0,1,0,20140906,20150906
627338,0,0,0,0,1,0,0,20140427,20140502
627339,0,0,0,0,1,0,0,20140509,20140627
627340,0,0,0,1,0,0,0,20140703,20140703
627342,0,0,0,0,1,0,0,20140711,20150711
641177,1,0,0,0,0,0,0,20140526,20140526
641178,0,0,0,0,0,0,1,20140601,20150620
641179,0,0,0,0,0,1,0,20140719,20140830
641180,1,0,0,0,0,0,0,20140901,20140901
622075,1,1,1,1,1,1,1,20140418,20140608
622076,1,1,1,1,1,1,1,20140609,20150620
622077,1,1,1,1,1,1,1,20140418,20140608
622078,1,1,1,1,1,1,1,20140609,20150620
593365,1,1,1,1,1,1,0,20140202,20140208
593366,1,1,1,1,1,0,0,20140210,20150620
593367,0,0,0,0,0,1,0,20140215,20150620
593368,1,1,1,1,1,1,0,20140202,20140208
593369,1,1,1,1,1,0,0,20140210,20150620
593370,0,0,0,0,0,1,0,20140215,20150620
593371,1,1,1,1,1,1,1,20140202,20140209
593372,1,1,1,1,1,1,1,20140210,20150620
593373,1,1,1,1,1,1,1,20140202,20140209
593374,1,1,1,1,1,1,1,20140210,20150620
593345,1,1,1,1,1,1,1,20140202,20140209
593346,1,1,1,1,1,1,1,20140210,20150620
593347,1,1,1,1,1,1,1,20140202,20140209
593348,1,1,1,1,1,1,1,20140210,20150620
593349,1,1,1,1,1,1,1,20140202,20140209
593350,1,1,1,1,1,1,1,20140210,20150620
593351,1,1,1,1,1,1,1,20140202,20140209
593352,1,1,1,1,1,1,1,20140210,20150620
593353,1,1,1,1,1,1,1,20140202,20140209
593354,1,1,1,1,1,1,1,20140210,20150620
593355,1,1,1,1,1,1,1,20140202,20140209
593356,1,1,1,1,1,1,1,20140210,20150620
593357,1,1,1,1,1,1,1,20140202,20140209
593358,1,1,1,1,1,1,1,20140210,20150620
593359,1,1,1,1,1,1,1,20140202,20140209
593360,1,1,1,1,1,1,1,20140210,20150620
593361,1,1,1,1,1,1,1,20140202,20140209
593362,1,1,1,1,1,1,1,20140210,20150620
593363,1,1,1,1,1,1,1,20140202,20140209
593364,1,1,1,1,1,1,1,20140210,20150620
575705,1,0,1,0,1,0,1,20140101,20140105
575707,1,0,1,0,1,0,1,20140108,20150620
505635,0,1,1,0,1,0,1,20130809,20130814
505637,0,1,1,0,1,0,1,20130818,20150620
593379,1,1,1,1,1,1,1,20140202,20140209
593380,1,1,1,1,1,1,1,20140210,20150620
593381,1,1,1,1,1,1,1,20140202,20140209
593382,1,1,1,1,1,1,1,20140210,20150620
622089,1,1,1,1,1,1,1,20140418,20140608
622090,1,1,1,1,1,1,1,20140609,20150620
622091,1,1,1,1,1,1,1,20140418,20140608
622092,1,1,1,1,1,1,1,20140609,20150620
640537,0,0,1,1,1,0,0,20140523,20140523
640539,1,1,1,1,1,0,0,20140527,20140703
640541,1,1,1,1,1,0,0,20140707,20140829
640543,1,1,1,1,1,0,0,20140902,20150902
640394,0,0,1,1,1,0,0,20140523,20140523
640396,1,1,1,1,1,0,0,20140527,20140703
640398,1,1,1,1,1,0,0,20140707,20140829
640400,1,1,1,1,1,0,0,20140902,20150902
640544,0,0,1,1,1,0,0,20140523,20140523
640546,1,1,1,1,1,0,0,20140527,20140703
640548,1,1,1,1,1,0,0,20140707,20140829
640550,1,1,1,1,1,0,0,20140902,20150902
640551,0,0,1,1,1,0,0,20140523,20140523
640553,1,1,1,1,1,0,0,20140527,20140703
640555,1,1,1,1,1,0,0,20140707,20140829
640557,1,1,1,1,1,0,0,20140902,20150902
640558,0,0,1,1,1,0,0,20140523,20140523
640560,1,1,1,1,1,0,0,20140527,20140703
640562,1,1,1,1,1,0,0,20140707,20140829
640564,1,1,1,1,1,0,0,20140902,20150902
640401,0,0,0,0,0,1,0,20140524,20150620
640402,0,0,0,0,0,0,1,20140525,20140525
640403,0,0,0,0,1,0,0,20140704,20140704
640404,0,0,0,0,0,0,1,20140831,20140831
640565,0,0,0,0,0,1,0,20140524,20150620
640566,0,0,0,0,0,0,1,20140525,20140525
640567,0,0,0,0,1,0,0,20140704,20140704
640568,0,0,0,0,0,0,1,20140831,20140831
640570,1,0,0,0,0,0,0,20140526,20140526
640571,0,0,0,0,0,0,1,20140601,20140824
640573,1,0,0,0,0,0,0,20140901,20140901
640574,0,0,0,0,0,0,1,20140907,20150907
640406,1,0,0,0,0,0,0,20140526,20140526
640407,0,0,0,0,0,0,1,20140601,20140824
640409,1,0,0,0,0,0,0,20140901,20140901
640410,0,0,0,0,0,0,1,20140907,20150907
640576,1,1,1,1,0,0,0,20140527,20140702
640578,1,1,1,1,0,0,0,20140707,20140828
640580,1,1,1,1,0,0,0,20140902,20150902
640411,0,0,1,1,1,0,0,20140523,20140523
640413,1,1,1,1,1,0,0,20140527,20140703
640415,1,1,1,1,1,0,0,20140707,20140829
640417,1,1,1,1,1,0,0,20140902,20150902
640418,0,0,1,1,1,0,0,20140523,20140523
640420,1,1,1,1,1,0,0,20140527,20140703
640422,1,1,1,1,1,0,0,20140707,20140829
640424,1,1,1,1,1,0,0,20140902,20150902
640425,0,0,1,1,1,0,0,20140523,20140523
640427,1,1,1,1,1,0,0,20140527,20140703
640429,1,1,1,1,1,0,0,20140707,20140829
640431,1,1,1,1,1,0,0,20140902,20150902
640582,1,0,0,0,0,0,0,20140526,20140526
640583,0,0,0,0,0,0,1,20140601,20140824
640585,1,0,0,0,0,0,0,20140901,20140901
640586,0,0,0,0,0,0,1,20140907,20150907
640432,0,0,1,1,1,0,0,20140523,20140523
640434,1,1,1,1,1,0,0,20140527,20140703
640436,1,1,1,1,1,0,0,20140707,20140714
640437,1,1,1,1,1,0,0,20140715,20140829
640439,1,1,1,1,1,0,0,20140902,20150902
644471,1,1,1,1,1,0,0,20140530,20140604
644472,1,1,1,1,1,0,0,20140605,20140703
644474,1,1,1,1,1,0,0,20140707,20140829
644476,1,1,1,1,1,0,0,20140902,20150902
640587,0,0,1,1,1,0,0,20140523,20140523
640589,1,1,1,1,1,0,0,20140527,20140703
640591,1,1,1,1,1,0,0,20140707,20140829
640593,1,1,1,1,1,0,0,20140902,20150902
640594,0,0,1,1,1,0,0,20140523,20140523
640596,1,1,1,1,1,0,0,20140527,20140703
640598,1,1,1,1,1,0,0,20140707,20140829
640600,1,1,1,1,1,0,0,20140902,20150902
640447,0,0,1,1,1,0,0,20140523,20140523
640449,1,1,1,1,1,0,0,20140527,20140703
640451,1,1,1,1,1,0,0,20140707,20140829
640453,1,1,1,1,1,0,0,20140902,20150902
640454,0,0,1,1,1,0,0,20140523,20140523
640456,1,1,1,1,1,0,0,20140527,20140703
640458,1,1,1,1,1,0,0,20140707,20140829
640460,1,1,1,1,1,0,0,20140902,20150902
640601,0,0,1,1,1,0,0,20140523,20140523
640603,1,1,1,1,1,0,0,20140527,20140703
640605,1,1,1,1,1,0,0,20140707,20140829
640607,1,1,1,1,1,0,0,20140902,20150902
640461,0,0,1,1,1,0,0,20140523,20140523
640463,1,1,1,1,1,0,0,20140527,20140703
640465,1,1,1,1,1,0,0,20140707,20140829
640467,1,1,1,1,1,0,0,20140902,20150902
640608,0,0,1,1,1,0,0,20140523,20140523
640610,1,1,1,1,1,0,0,20140527,20140703
640612,1,1,1,1,1,0,0,20140707,20140714
640613,1,1,1,1,1,0,0,20140715,20140829
640615,1,1,1,1,1,0,0,20140902,20150902
640468,0,0,1,1,1,0,0,20140523,20140523
640470,1,1,1,1,1,0,0,20140527,20140703
640472,1,1,1,1,1,0,0,20140707,20140829
640474,1,1,1,1,1,0,0,20140902,20150902
640475,0,0,1,1,1,0,0,20140523,20140523
640477,1,1,1,1,1,0,0,20140527,20140703
640479,1,1,1,1,1,0,0,20140707,20140714
640480,1,1,1,1,1,0,0,20140715,20140829
640482,1,1,1,1,1,0,0,20140902,20150902
640616,0,0,1,1,1,0,0,20140523,20140523
640618,1,1,1,1,1,0,0,20140527,20140703
640620,1,1,1,1,1,0,0,20140707,20140829
640622,1,1,1,1,1,0,0,20140902,20150902
640483,0,0,1,1,1,0,0,20140523,20140523
640485,1,1,1,1,1,0,0,20140527,20140703
640487,1,1,1,1,1,0,0,20140707,20140829
640489,1,1,1,1,1,0,0,20140902,20150902
640490,0,0,1,1,1,0,0,20140523,20140523
640492,1,1,1,1,1,0,0,20140527,20140703
640494,1,1,1,1,1,0,0,20140707,20140829
640496,1,1,1,1,1,0,0,20140902,20150902
640623,0,0,1,1,1,0,0,20140523,20140523
640625,1,1,1,1,1,0,0,20140527,20140703
640627,1,1,1,1,1,0,0,20140707,20140829
640629,1,1,1,1,1,0,0,20140902,20150902
640497,0,0,1,1,1,0,0,20140523,20140523
640499,1,1,1,1,1,0,0,20140527,20140703
640501,1,1,1,1,1,0,0,20140707,20140829
640503,1,1,1,1,1,0,0,20140902,20150902
640630,0,0,1,1,1,0,0,20140523,20140523
640632,1,1,1,1,1,0,0,20140527,20140703
640634,1,1,1,1,1,0,0,20140707,20140829
640636,1,1,1,1,1,0,0,20140902,20150902
640504,0,0,1,1,1,0,0,20140523,20140523
640506,1,1,1,1,1,0,0,20140527,20140703
640508,1,1,1,1,1,0,0,20140707,20140829
640510,1,1,1,1,1,0,0,20140902,20150902
626604,0,0,0,0,1,0,0,20140426,20140627
626605,0,0,0,1,0,0,0,20140703,20140703
626607,0,0,0,0,1,0,0,20140711,20150711
640511,0,0,0,0,0,1,1,20140524,20140713
626610,1,0,0,0,0,0,0,20140526,20140526
626611,0,0,0,0,1,0,0,20140704,20140704
626612,0,0,0,0,0,1,1,20140719,20150719
640512,1,0,0,0,0,0,0,20140901,20140901
640513,0,0,0,0,0,1,1,20140524,20150620
640514,1,0,0,0,0,0,0,20140526,20140526
640515,0,0,0,0,1,0,0,20140704,20140704
640516,1,0,0,0,0,0,0,20140901,20140901
640517,0,0,0,0,0,1,0,20140524,20150620
640518,0,0,0,0,0,0,1,20140525,20140525
640519,0,0,0,0,1,0,0,20140704,20140704
640520,0,0,0,0,0,0,1,20140831,20140831
640637,0,0,0,0,0,1,1,20140524,20150620
640638,1,0,0,0,0,0,0,20140526,20140526
640639,0,0,0,0,1,0,0,20140704,20140704
640640,1,0,0,0,0,0,0,20140901,20140901
640521,0,0,0,0,0,1,1,20140524,20150620
640522,1,0,0,0,0,0,0,20140526,20140526
640523,0,0,0,0,1,0,0,20140704,20140704
640524,1,0,0,0,0,0,0,20140901,20140901
640643,0,0,0,0,0,1,1,20140524,20150620
640644,1,0,0,0,0,0,0,20140526,20140526
640641,0,0,0,0,1,0,0,20140704,20140704
640642,1,0,0,0,0,0,0,20140901,20140901
640525,0,0,0,0,0,1,1,20140524,20150620
640526,1,0,0,0,0,0,0,20140526,20140526
640527,0,0,0,0,1,0,0,20140704,20140704
640528,1,0,0,0,0,0,0,20140901,20140901
640382,0,0,0,0,0,1,1,20140524,20150620
640383,1,0,0,0,0,0,0,20140526,20140526
640384,0,0,0,0,1,0,0,20140704,20140704
640385,1,0,0,0,0,0,0,20140901,20140901
640529,0,0,0,0,0,1,1,20140524,20150620
640530,1,0,0,0,0,0,0,20140526,20140526
640531,0,0,0,0,1,0,0,20140704,20140704
640532,1,0,0,0,0,0,0,20140901,20140901
640386,0,0,0,0,0,1,1,20140524,20150620
640387,1,0,0,0,0,0,0,20140526,20140526
640388,0,0,0,0,1,0,0,20140704,20140704
640389,1,0,0,0,0,0,0,20140901,20140901
640533,0,0,0,0,0,1,1,20140524,20150620
640534,1,0,0,0,0,0,0,20140526,20140526
640535,0,0,0,0,1,0,0,20140704,20140704
640536,1,0,0,0,0,0,0,20140901,20140901
640390,0,0,0,0,0,1,1,20140524,20150620
640391,1,0,0,0,0,0,0,20140526,20140526
640392,0,0,0,0,1,0,0,20140704,20140704
640393,1,0,0,0,0,0,0,20140901,20140901
640649,1,0,0,0,0,0,0,20140526,20140526
640645,0,0,0,0,0,0,1,20140601,20140824
640647,1,0,0,0,0,0,0,20140901,20140901
640650,0,0,0,0,0,0,1,20140907,20150907
645942,1,1,1,1,0,0,1,20140601,20140605
645943,0,0,0,0,1,1,0,20140606,20140614
645944,1,1,0,0,0,0,1,20140608,20140617
645945,0,0,1,1,0,0,0,20140611,20140612
645946,1,1,1,1,0,0,1,20140618,20140710
645947,0,0,0,0,1,1,0,20140620,20140705
645948,0,0,0,0,1,1,0,20140711,20140719
645949,1,1,0,0,0,0,1,20140713,20140722
645950,0,0,1,1,0,0,0,20140716,20140717
645951,1,1,1,1,0,0,1,20140723,20150723
645952,0,0,0,0,1,1,0,20140725,20150725
645953,1,1,1,1,1,0,0,20140601,20140606
645954,0,0,0,0,0,1,1,20140601,20140607
645955,0,0,0,0,0,0,1,20140608,20140615
645956,1,1,1,0,0,0,0,20140609,20140618
645957,0,0,0,1,1,0,0,20140612,20140613
645958,0,0,0,0,0,1,0,20140614,20140614
645959,1,1,1,1,1,0,0,20140619,20140711
645960,0,0,0,0,0,1,1,20140621,20140712
645961,0,0,0,0,0,0,1,20140713,20140720
645962,1,1,1,0,0,0,0,20140714,20140723
645963,0,0,0,1,1,0,0,20140717,20140718
645964,0,0,0,0,0,1,0,20140719,20140719
645965,1,1,1,1,1,0,0,20140724,20150724
645966,0,0,0,0,0,1,1,20140726,20150726
621093,1,1,1,1,1,1,1,20140416,20140503
621094,1,1,1,1,1,1,1,20140504,20150620
621713,1,1,1,1,1,1,1,20140417,20140504
621714,1,1,1,1,1,1,1,20140505,20150620
586821,1,1,1,1,1,1,1,20140120,20140126
586823,1,1,1,1,1,1,1,20140129,20150620
586824,1,1,1,1,1,1,1,20140120,20140126
586826,1,1,1,1,1,1,1,20140129,20150620
593480,1,1,1,1,1,1,1,20140202,20140209
593481,1,1,1,1,1,1,1,20140210,20150620
593479,1,1,1,1,1,1,1,20140202,20140209
593478,1,1,1,1,1,1,1,20140210,20150620
579396,1,0,0,0,0,1,1,20140106,20140106
579032,1,1,1,1,1,1,1,20140112,20150620
579033,0,0,0,0,1,1,1,20140105,20140105
579035,1,1,1,1,1,1,1,20140112,20150620
593482,1,1,1,1,1,1,1,20140202,20140209
593483,1,1,1,1,1,1,1,20140210,20150620
593484,1,1,1,1,1,1,1,20140202,20140209
593485,1,1,1,1,1,1,1,20140210,20150620
621042,1,1,1,1,1,1,1,20140416,20140504
621043,1,1,1,1,1,1,1,20140505,20150620
621044,1,1,1,1,1,1,1,20140416,20140504
621045,1,1,1,1,1,1,1,20140505,20150620
394565,1,1,1,1,1,1,1,20120919,20121005
394566,1,1,0,0,0,1,1,20121006,20121009
394567,1,1,1,1,1,1,1,20121010,20150620
394568,1,1,1,1,1,1,1,20120919,20121004
394569,1,0,0,0,1,1,1,20121005,20121008
394570,1,1,1,1,1,1,1,20121009,20150620
630216,1,1,1,1,1,1,1,20140502,20140515
630214,1,1,0,0,1,1,1,20140516,20140520
630215,1,1,1,1,1,1,1,20140521,20140531
627363,1,1,1,1,1,1,1,20140601,20140608
627364,1,1,1,1,1,1,1,20140609,20140615
627365,1,1,1,1,1,1,0,20140616,20140621
627366,1,1,1,1,1,1,1,20140622,20150622
593510,1,1,1,1,1,1,1,20140202,20140209
593511,1,1,1,1,1,1,1,20140210,20150620
630217,1,1,1,1,1,1,1,20140502,20140515
630218,1,1,0,0,1,1,1,20140516,20140520
630219,1,1,1,1,1,1,1,20140521,20140531
627370,1,1,1,1,1,1,1,20140601,20140608
627371,1,1,1,1,1,1,1,20140609,20140615
627373,1,1,1,1,1,1,0,20140616,20140621
627372,1,1,1,1,1,1,1,20140622,20150622
593516,1,1,1,1,1,1,1,20140202,20140209
593517,1,1,1,1,1,1,1,20140210,20150620
644278,1,1,1,1,1,0,0,20140530,20140604
644279,1,1,1,1,1,0,0,20140605,20140703
644281,1,1,1,1,1,0,0,20140707,20140829
644283,1,1,1,1,1,0,0,20140902,20150902
643609,1,1,1,1,1,0,0,20140529,20140703
643610,1,1,1,1,1,0,0,20140707,20140829
643612,1,1,1,1,1,0,0,20140902,20150902
541427,0,1,1,0,0,0,0,20131126,20131127
643613,0,0,0,0,0,1,0,20140531,20150620
625662,0,0,0,0,1,0,0,20140704,20140704
643614,0,0,0,0,0,0,1,20140831,20140831
644284,0,0,0,0,0,0,1,20140601,20140713
644285,0,0,0,0,0,0,1,20140720,20140824
644287,1,0,0,0,0,0,0,20140901,20140901
644288,0,0,0,0,0,0,1,20140907,20150907
643615,1,1,1,1,1,0,0,20140529,20140703
643617,1,1,1,1,1,0,0,20140707,20140711
643618,1,1,1,1,1,0,0,20140714,20140829
643620,1,1,1,1,1,0,0,20140902,20150902
645186,0,0,0,0,0,0,1,20140601,20140824
645188,1,0,0,0,0,0,0,20140901,20140901
645189,0,0,0,0,0,0,1,20140907,20150907
644289,1,1,1,1,1,0,0,20140530,20140703
644291,1,1,1,1,1,0,0,20140707,20140714
644292,1,1,1,1,1,0,0,20140715,20140829
644294,1,1,1,1,1,0,0,20140902,20150902
644295,1,1,1,1,1,0,0,20140530,20140703
644297,1,1,1,1,1,0,0,20140707,20140829
644299,1,1,1,1,1,0,0,20140902,20150902
644300,1,1,1,1,1,0,0,20140530,20140703
644302,1,1,1,1,1,0,0,20140707,20140714
644303,1,1,1,1,1,0,0,20140715,20140829
644305,1,1,1,1,1,0,0,20140902,20150902
643621,0,0,0,0,0,1,1,20140531,20140713
643622,0,0,0,0,1,0,0,20140704,20140704
643623,0,0,0,0,0,1,1,20140719,20150719
643624,1,0,0,0,0,0,0,20140901,20140901
645190,0,0,0,0,0,0,1,20140601,20140713
645191,0,0,0,0,0,0,1,20140720,20140824
645193,1,0,0,0,0,0,0,20140901,20140901
645194,0,0,0,0,0,0,1,20140907,20150907
625697,0,0,0,0,1,0,0,20140425,20140627
625698,0,0,0,1,0,0,0,20140703,20140703
625700,0,0,0,0,1,0,0,20140711,20150711
625701,0,0,0,1,1,0,0,20140425,20140703
625703,0,0,0,1,1,0,0,20140710,20150710
644309,0,0,0,0,0,1,1,20140531,20140713
644306,0,0,0,0,1,0,0,20140704,20140704
644307,0,0,0,0,0,1,1,20140719,20150719
644308,1,0,0,0,0,0,0,20140901,20140901
626480,0,0,0,0,1,0,0,20140502,20140509
626481,0,0,0,0,1,0,0,20140516,20140627
626482,0,0,0,1,0,0,0,20140703,20140703
626484,0,0,0,0,1,0,0,20140711,20140711
626485,0,0,0,0,1,0,0,20140718,20150718
644310,1,1,1,1,1,0,0,20140530,20140703
644312,1,1,1,1,1,0,0,20140707,20140714
644313,1,1,1,1,1,0,0,20140715,20140829
644315,1,1,1,1,1,0,0,20140902,20150902
645195,1,1,1,1,1,0,0,20140531,20140703
645197,1,1,1,1,1,0,0,20140707,20140714
645198,1,1,1,1,1,0,0,20140715,20140829
645200,1,1,1,1,1,0,0,20140902,20150902
644316,0,0,0,0,0,0,1,20140601,20140713
644317,0,0,0,0,0,0,1,20140720,20140824
644319,1,0,0,0,0,0,0,20140901,20140901
644320,0,0,0,0,0,0,1,20140907,20150907
645201,0,0,0,0,0,1,1,20140531,20140713
645202,0,0,0,0,1,0,0,20140704,20140704
645203,0,0,0,0,0,1,1,20140719,20150719
645204,1,0,0,0,0,0,0,20140901,20140901
643625,1,1,1,1,1,0,0,20140529,20140703
643627,1,1,1,1,1,0,0,20140707,20140714
643628,1,1,1,1,1,0,0,20140715,20140829
643630,1,1,1,1,1,0,0,20140902,20150902
643634,0,0,0,0,0,1,1,20140531,20140713
643631,0,0,0,0,1,0,0,20140704,20140704
643632,0,0,0,0,0,1,1,20140719,20150719
643633,1,0,0,0,0,0,0,20140901,20140901
643635,0,0,0,0,0,0,1,20140601,20140824
643637,1,0,0,0,0,0,0,20140901,20140901
643638,0,0,0,0,0,0,1,20140907,20150907
645205,0,0,0,0,0,1,0,20140531,20150620
645206,0,0,0,0,1,0,0,20140704,20140704
645207,0,0,0,0,0,0,1,20140831,20140831
643639,0,0,0,0,0,1,0,20140531,20140712
643640,0,0,0,0,1,0,0,20140704,20140704
643641,0,0,0,0,0,1,0,20140719,20150719
643642,0,0,0,0,0,0,1,20140831,20140831
645208,1,1,1,1,1,0,0,20140531,20140606
637055,1,1,1,1,1,0,0,20140609,20140703
637057,1,1,1,1,1,0,0,20140707,20140714
645209,1,1,1,1,1,0,0,20140715,20140829
645211,1,1,1,1,1,0,0,20140902,20150902
644321,0,0,0,0,0,1,1,20140531,20140713
644322,0,0,0,0,1,0,0,20140704,20140704
644323,0,0,0,0,0,1,1,20140719,20150719
644324,1,0,0,0,0,0,0,20140901,20140901
643645,1,1,1,1,1,0,0,20140529,20140703
643646,1,1,1,1,1,0,0,20140707,20140829
643644,1,1,1,1,1,0,0,20140902,20150902
644325,0,0,0,0,0,1,1,20140531,20140608
644326,0,0,0,0,0,1,1,20140614,20140713
644327,0,0,0,0,1,0,0,20140704,20140704
644328,0,0,0,0,0,1,1,20140719,20150719
644329,1,0,0,0,0,0,0,20140901,20140901
643647,0,0,0,0,0,1,1,20140531,20140713
643648,0,0,0,0,1,0,0,20140704,20140704
643649,0,0,0,0,0,1,1,20140719,20150719
643650,1,0,0,0,0,0,0,20140901,20140901
645212,0,0,0,0,0,0,1,20140601,20140713
645213,0,0,0,0,0,0,1,20140720,20140824
645215,1,0,0,0,0,0,0,20140901,20140901
645216,0,0,0,0,0,0,1,20140907,20150907
643652,0,0,0,0,0,1,1,20140531,20150620
625782,0,0,0,0,1,0,0,20140704,20140704
643651,1,0,0,0,0,0,0,20140901,20140901
645217,0,0,0,0,0,1,1,20140531,20140713
645218,0,0,0,0,1,0,0,20140704,20140704
645219,0,0,0,0,0,1,1,20140719,20150719
645220,1,0,0,0,0,0,0,20140901,20140901
643653,0,0,0,0,0,0,1,20140601,20140713
643654,0,0,0,0,0,0,1,20140720,20140824
643656,1,0,0,0,0,0,0,20140901,20140901
643657,0,0,0,0,0,0,1,20140907,20150907
645221,0,0,0,0,0,1,1,20140531,20140608
645222,0,0,0,0,0,1,1,20140614,20140713
645223,0,0,0,0,1,0,0,20140704,20140704
645224,0,0,0,0,0,1,1,20140719,20150719
645225,1,0,0,0,0,0,0,20140901,20140901
644334,0,0,0,0,0,1,1,20140531,20140713
644335,0,0,0,0,1,0,0,20140704,20140704
644336,0,0,0,0,0,1,1,20140719,20150719
644337,1,0,0,0,0,0,0,20140901,20140901
644330,0,0,0,0,0,1,1,20140531,20140713
644331,0,0,0,0,1,0,0,20140704,20140704
644332,0,0,0,0,0,1,1,20140719,20150719
644333,1,0,0,0,0,0,0,20140901,20140901
644338,0,0,0,0,0,1,1,20140531,20140713
644339,0,0,0,0,1,0,0,20140704,20140704
644340,0,0,0,0,0,1,1,20140719,20150719
644341,1,0,0,0,0,0,0,20140901,20140901
644346,0,0,0,0,0,1,1,20140531,20150620
644347,0,0,0,0,1,0,0,20140704,20140704
644348,1,0,0,0,0,0,0,20140901,20140901
644345,0,0,0,0,0,1,1,20140531,20140713
644342,0,0,0,0,1,0,0,20140704,20140704
644343,0,0,0,0,0,1,1,20140719,20150719
644344,1,0,0,0,0,0,0,20140901,20140901
644349,0,0,0,0,0,1,1,20140531,20140713
644350,0,0,0,0,1,0,0,20140704,20140704
644351,0,0,0,0,0,1,1,20140719,20150719
644352,1,0,0,0,0,0,0,20140901,20140901
644353,0,0,0,0,0,1,1,20140531,20140713
644354,0,0,0,0,1,0,0,20140704,20140704
644355,0,0,0,0,0,1,1,20140719,20150719
644356,1,0,0,0,0,0,0,20140901,20140901
645226,0,0,0,0,0,0,1,20140601,20140713
645227,0,0,0,0,0,0,1,20140720,20140824
645229,1,0,0,0,0,0,0,20140901,20140901
645230,0,0,0,0,0,0,1,20140907,20150907
644357,0,0,0,0,0,1,0,20140531,20140712
644358,0,0,0,0,1,0,0,20140704,20140704
644359,0,0,0,0,0,1,0,20140719,20150719
644360,0,0,0,0,0,0,1,20140831,20140831
645231,0,0,0,0,0,1,0,20140531,20140712
645232,0,0,0,0,1,0,0,20140704,20140704
645233,0,0,0,0,0,1,0,20140719,20150719
645234,0,0,0,0,0,0,1,20140831,20140831
644361,0,0,0,0,0,1,1,20140531,20150620
644362,0,0,0,0,1,0,0,20140704,20140704
644363,1,0,0,0,0,0,0,20140901,20140901
644364,1,1,1,1,1,0,0,20140530,20140606
644365,1,1,1,1,1,0,0,20140609,20140703
644367,1,1,1,1,1,0,0,20140707,20140829
644369,1,1,1,1,1,0,0,20140902,20150902
649640,1,1,1,1,1,0,0,20140608,20140620
649641,1,1,1,1,1,0,0,20140623,20140703
649643,1,1,1,1,1,0,0,20140707,20140711
649644,1,0,0,0,0,0,0,20140714,20140714
649645,1,1,1,1,1,0,0,20140715,20140829
649647,1,1,1,1,1,0,0,20140902,20150902
644370,1,1,1,1,1,0,0,20140530,20140703
644372,1,1,1,1,1,0,0,20140707,20140714
644373,1,1,1,1,1,0,0,20140715,20140829
644375,1,1,1,1,1,0,0,20140902,20150902
644376,1,1,1,1,1,0,0,20140530,20140703
644378,1,1,1,1,1,0,0,20140707,20140829
644380,1,1,1,1,1,0,0,20140902,20150902
645235,1,1,1,1,1,0,0,20140531,20140703
645237,1,1,1,1,1,0,0,20140707,20140714
645238,1,1,1,1,1,0,0,20140715,20140829
645240,1,1,1,1,1,0,0,20140902,20150902
644383,1,1,1,1,1,0,0,20140530,20140703
644382,1,1,1,1,1,0,0,20140707,20140714
644384,1,1,1,1,1,0,0,20140715,20140829
644386,1,1,1,1,1,0,0,20140902,20150902
645241,1,1,1,1,1,0,0,20140531,20140703
645243,1,1,1,1,1,0,0,20140707,20140829
645245,1,1,1,1,1,0,0,20140902,20150902
644387,1,1,1,1,1,0,0,20140530,20140703
644389,1,1,1,1,1,0,0,20140707,20140829
644391,1,1,1,1,1,0,0,20140902,20150902
624545,0,0,0,0,1,0,0,20140704,20140704
645246,1,1,1,1,1,0,0,20140531,20140703
645248,1,1,1,1,1,0,0,20140707,20140714
645249,1,1,1,1,1,0,0,20140715,20140829
645251,1,1,1,1,1,0,0,20140902,20150902
644392,1,1,1,1,1,0,0,20140530,20140703
644394,1,1,1,1,1,0,0,20140707,20140829
644396,1,1,1,1,1,0,0,20140902,20150902
644397,1,1,1,1,1,0,0,20140530,20140703
644398,1,1,1,1,1,0,0,20140707,20140829
644400,1,1,1,1,1,0,0,20140902,20150902
649648,1,1,1,1,1,0,0,20140608,20140620
649649,1,1,1,1,1,0,0,20140623,20140703
649650,1,1,1,1,1,0,0,20140707,20140829
643670,1,1,1,1,1,0,0,20140902,20150902
645253,0,0,0,0,0,1,1,20140531,20150620
626507,0,0,0,0,1,0,0,20140704,20140704
645252,1,0,0,0,0,0,0,20140901,20140901
643674,1,1,1,1,1,0,0,20140529,20140703
643671,1,1,1,1,1,0,0,20140707,20140829
643673,1,1,1,1,1,0,0,20140902,20150902
644401,1,1,1,1,1,0,0,20140530,20140703
644402,1,1,1,1,1,0,0,20140707,20140829
644404,1,1,1,1,1,0,0,20140902,20150902
643675,1,1,1,1,1,0,0,20140529,20140703
643678,1,1,1,1,1,0,0,20140707,20140711
643676,1,0,0,0,0,0,0,20140714,20140714
643679,1,1,1,1,1,0,0,20140715,20140829
643681,1,1,1,1,1,0,0,20140902,20150902
645254,1,1,1,1,1,0,0,20140531,20140606
645255,1,1,1,1,1,0,0,20140609,20140703
645257,1,1,1,1,1,0,0,20140707,20140714
645258,1,1,1,1,1,0,0,20140715,20140829
645260,1,1,1,1,1,0,0,20140902,20150902
644405,1,1,1,1,1,0,0,20140530,20140703
644406,1,1,1,1,1,0,0,20140707,20140829
644408,1,1,1,1,1,0,0,20140902,20150902
645261,1,1,1,1,1,0,0,20140531,20140703
645262,1,1,1,1,1,0,0,20140707,20140829
645264,1,1,1,1,1,0,0,20140902,20150902
644414,1,1,1,1,1,0,0,20140530,20140703
644416,1,1,1,1,1,0,0,20140707,20140714
644417,1,1,1,1,1,0,0,20140715,20140829
644419,1,1,1,1,1,0,0,20140902,20150902
645265,0,0,0,0,0,1,0,20140531,20140712
645266,0,0,0,0,0,1,0,20140719,20150719
645267,0,0,0,0,0,0,1,20140831,20140831
644422,1,1,1,1,1,0,0,20140530,20140703
644420,1,1,1,1,1,0,0,20140707,20140829
644423,1,1,1,1,1,0,0,20140902,20150902
645268,0,0,0,0,0,1,1,20140531,20140713
645269,0,0,0,0,1,0,0,20140704,20140704
645270,0,0,0,0,0,1,1,20140719,20150719
645271,1,0,0,0,0,0,0,20140901,20140901
643682,0,0,0,0,0,1,1,20140531,20150620
643683,0,0,0,0,1,0,0,20140704,20140704
643684,1,0,0,0,0,0,0,20140901,20140901
645272,1,1,1,1,0,0,0,20140531,20140702
645274,1,1,1,1,0,0,0,20140707,20140714
645275,1,1,1,1,0,0,0,20140715,20140828
645277,1,1,1,1,0,0,0,20140902,20150902
586900,1,1,1,1,0,1,1,20140120,20140123
586077,0,0,0,0,0,1,0,20140125,20140125
586902,1,1,1,1,1,1,1,20140127,20150620
624539,1,1,1,1,1,1,1,20140423,20140509
624540,1,1,1,1,1,1,1,20140510,20150620
631982,1,1,1,1,0,0,0,20140507,20140508
631977,0,0,0,0,1,1,0,20140509,20140510
631978,1,1,1,1,0,0,1,20140511,20140522
631979,0,0,0,0,1,1,0,20140516,20150620
631980,0,0,0,0,0,0,1,20140525,20140525
631981,1,1,1,1,0,0,1,20140526,20150620
644447,0,0,0,0,0,1,0,20140531,20140712
644444,0,0,0,0,1,0,0,20140704,20140704
644445,0,0,0,0,0,1,0,20140719,20150719
644446,0,0,0,0,0,0,1,20140831,20140831
645288,0,0,0,0,0,1,0,20140531,20140628
645289,0,0,0,0,1,0,0,20140704,20140704
645290,0,0,0,0,0,1,0,20140705,20140705
645291,0,0,0,0,0,1,0,20140712,20140712
645292,0,0,0,0,0,1,0,20140719,20150719
645293,0,0,0,0,0,0,1,20140831,20140831
633923,0,0,0,0,1,0,0,20140516,20140523
633924,0,0,0,0,1,0,0,20140530,20140627
626041,0,0,0,1,0,0,0,20140703,20140703
633925,0,0,0,0,1,0,0,20140711,20140711
633926,0,0,0,0,1,0,0,20140718,20150718
645294,1,1,1,1,1,0,0,20140531,20140703
645295,1,1,1,1,1,0,0,20140707,20140829
645297,1,1,1,1,1,0,0,20140902,20150902
644424,1,1,1,1,1,0,0,20140530,20140703
644425,1,1,1,1,1,0,0,20140707,20140829
644427,1,1,1,1,1,0,0,20140902,20150902
644428,1,1,1,1,1,0,0,20140530,20140703
644430,1,1,1,1,1,0,0,20140707,20140829
644432,1,1,1,1,1,0,0,20140902,20150902
644433,0,0,0,0,0,0,1,20140601,20140713
644434,0,0,0,0,0,0,1,20140720,20140824
644436,1,0,0,0,0,0,0,20140901,20140901
644437,0,0,0,0,0,0,1,20140907,20150907
645278,0,0,0,0,0,1,1,20140531,20140713
645279,0,0,0,0,1,0,0,20140704,20140704
645280,0,0,0,0,0,1,1,20140719,20150719
645281,1,0,0,0,0,0,0,20140901,20140901
644443,1,1,1,1,0,0,0,20140530,20140702
644439,1,1,1,1,0,0,0,20140707,20140710
644440,1,1,1,1,0,0,0,20140714,20140828
644442,1,1,1,1,0,0,0,20140902,20150902
645282,1,1,1,1,1,0,0,20140531,20140703
645284,1,1,1,1,1,0,0,20140707,20140714
645285,1,1,1,1,1,0,0,20140715,20140829
645287,1,1,1,1,1,0,0,20140902,20150902
643685,1,1,1,1,1,0,0,20140529,20140703
643687,1,1,1,1,1,0,0,20140707,20140829
643689,1,1,1,1,1,0,0,20140902,20150902
643690,0,0,0,0,0,1,1,20140531,20140713
643691,0,0,0,0,1,0,0,20140704,20140704
643692,0,0,0,0,0,1,1,20140719,20150719
643693,1,0,0,0,0,0,0,20140901,20140901
645934,0,0,0,0,0,1,1,20140601,20150620
627323,0,0,0,0,1,0,0,20140704,20140704
645935,1,0,0,0,0,0,0,20140901,20140901
651819,0,0,0,0,0,1,1,20140614,20140615
651820,0,0,0,0,0,1,0,20140621,20140621
651821,0,0,0,0,0,1,1,20140622,20150622
651822,0,0,0,0,1,0,0,20140704,20140704
651823,1,0,0,0,0,0,0,20140901,20140901
602098,1,1,1,1,1,1,1,20140222,20140302
591502,1,1,1,1,1,0,0,20140303,20140314
591503,1,1,1,1,1,1,1,20140317,20150620
602091,1,1,1,1,1,1,1,20140222,20140302
591948,1,1,1,1,1,0,0,20140303,20140314
602092,0,0,0,0,0,1,1,20140308,20140316
591949,1,1,1,1,1,1,1,20140317,20150620
602099,1,1,1,1,1,1,1,20140222,20140302
591507,1,1,1,1,1,0,0,20140303,20140314
591506,1,1,1,1,1,1,1,20140317,20150620
614047,1,1,1,1,1,1,1,20140327,20140406
614048,1,1,1,1,1,1,1,20140407,20150620
614049,1,1,1,1,1,1,1,20140327,20140406
614050,1,1,1,1,1,1,1,20140407,20150620
614770,1,1,1,1,1,1,1,20140329,20140718
614771,0,0,0,0,0,1,1,20140719,20140831
614772,1,1,1,1,1,0,0,20140721,20140829
614773,1,0,0,0,0,0,0,20140901,20140901
614774,1,1,1,1,1,1,1,20140902,20150902
614775,1,1,1,1,1,1,1,20140329,20140402
614776,1,1,1,1,1,1,1,20140403,20150620
602105,1,1,1,1,1,1,1,20140222,20140302
591952,1,1,1,1,1,0,0,20140303,20140314
602106,0,0,0,0,0,1,1,20140308,20140316
591953,1,1,1,1,1,1,1,20140317,20150620
602107,1,1,1,1,1,1,1,20140222,20140302
591956,1,1,1,1,1,0,0,20140303,20140314
602108,0,0,0,0,0,1,1,20140308,20140316
591957,1,1,1,1,1,1,1,20140317,20150620
602109,1,1,1,1,1,1,1,20140222,20140302
591518,1,1,1,1,1,0,0,20140303,20140314
591519,1,1,1,1,1,1,1,20140317,20150620
614777,1,1,1,1,1,1,1,20140329,20140718
614778,0,0,0,0,0,1,1,20140719,20140831
614779,1,1,1,1,1,0,0,20140721,20140829
614780,1,0,0,0,0,0,0,20140901,20140901
614781,1,1,1,1,1,1,1,20140902,20150902
651807,1,1,1,1,1,1,1,20140613,20140620
651805,0,0,0,0,0,1,0,20140621,20140621
651806,1,1,1,1,1,1,1,20140622,20140718
651811,0,0,0,0,0,1,1,20140719,20140831
651808,1,1,1,1,1,0,0,20140721,20140829
651809,1,0,0,0,0,0,0,20140901,20140901
651810,1,1,1,1,1,1,1,20140902,20150902
651812,1,1,1,1,0,0,0,20140613,20150620
651813,0,0,0,0,1,1,1,20140613,20140620
651814,0,0,0,0,0,1,0,20140621,20140621
651815,0,0,0,0,1,1,1,20140622,20150622
645932,1,1,1,1,1,0,0,20140601,20140703
645930,1,1,1,1,1,0,0,20140707,20140829
645933,1,1,1,1,1,0,0,20140902,20150902
602118,1,1,1,1,1,1,1,20140222,20140302
591969,1,1,1,1,1,0,0,20140303,20140314
602119,0,0,0,0,0,1,1,20140308,20140316
591970,1,1,1,1,1,1,1,20140317,20150620
614788,1,1,1,1,1,1,1,20140329,20140718
614789,0,0,0,0,0,1,1,20140719,20140831
614790,1,1,1,1,1,0,0,20140721,20140829
614791,1,0,0,0,0,0,0,20140901,20140901
614792,1,1,1,1,1,1,1,20140902,20150902
602126,1,1,1,1,1,1,1,20140222,20140302
591985,1,1,1,1,1,0,0,20140303,20140314
602127,0,0,0,0,0,1,1,20140308,20140316
591986,1,1,1,1,1,1,1,20140317,20150620
602122,1,1,1,1,1,1,1,20140222,20140302
591977,1,1,1,1,1,0,0,20140303,20140314
602123,0,0,0,0,0,1,1,20140308,20140316
591978,1,1,1,1,1,1,1,20140317,20150620
649145,1,1,1,1,1,1,1,20140607,20140613
649143,0,0,0,0,0,1,0,20140614,20140614
649144,1,1,1,1,1,1,1,20140615,20150620
614793,1,1,1,1,1,1,1,20140329,20140406
614054,1,1,1,1,1,1,1,20140407,20150620
652281,1,1,1,1,1,1,1,20140614,20140618
652282,1,1,1,1,1,1,1,20140619,20150620
645936,1,1,1,1,1,0,0,20140601,20140703
645937,1,1,1,1,1,0,0,20140707,20140829
645939,1,1,1,1,1,0,0,20140902,20150902
651818,1,1,1,1,1,1,1,20140613,20140620
651816,0,0,0,0,0,1,0,20140621,20140621
651817,1,1,1,1,1,1,1,20140622,20150622
604258,0,1,1,1,0,0,0,20140227,20140227
604259,0,0,0,1,1,1,1,20140228,20140323
604261,1,1,1,1,1,1,1,20140327,20140406
604262,1,1,1,1,1,1,1,20140407,20150620
607481,0,0,0,0,1,1,1,20140308,20140406
607147,1,0,0,0,0,0,0,20140310,20140324
607148,1,1,1,1,0,0,0,20140331,20140410
607149,1,1,1,1,1,1,1,20140411,20150620
580821,1,1,1,1,1,1,1,20140110,20140201
580822,0,0,0,0,0,0,1,20140202,20140202
580823,1,1,1,1,1,1,1,20140203,20150620
603201,1,1,1,1,1,1,1,20140225,20140302
603202,1,0,0,0,0,0,0,20140303,20140303
603203,1,1,1,1,1,1,1,20140304,20150620
593376,1,1,1,1,1,1,1,20140202,20140209
593375,1,1,1,1,1,1,1,20140210,20150620
593378,1,1,1,1,1,1,1,20140202,20140209
593377,1,1,1,1,1,1,1,20140210,20150620
605478,1,1,1,1,1,1,1,20140302,20140307
605480,1,1,1,1,1,1,1,20140309,20150620
644258,1,1,1,1,1,1,1,20140530,20140608
644260,1,1,1,1,1,1,1,20140610,20150620
644261,1,1,1,1,1,1,1,20140530,20140608
644263,1,1,1,1,1,1,1,20140610,20150620
605838,1,1,1,1,0,1,1,20140303,20140306
605840,1,1,1,1,1,1,1,20140309,20150620
593403,1,1,1,1,1,1,1,20140202,20140209
593404,1,1,1,1,1,1,1,20140210,20150620
593405,1,1,1,1,1,1,1,20140202,20140209
593406,1,1,1,1,1,1,1,20140210,20150620
599265,1,1,1,1,1,1,1,20140215,20140301
599266,0,0,0,0,0,0,1,20140302,20140302
599267,1,1,1,1,1,1,1,20140303,20150620
599297,1,1,1,1,1,1,1,20140215,20140301
599298,0,0,0,0,0,0,1,20140302,20140302
599299,1,1,1,1,1,1,1,20140303,20150620
599300,1,1,1,1,1,1,1,20140215,20140226
599301,0,0,0,1,0,0,0,20140227,20140227
599302,0,0,0,0,1,1,0,20140228,20140301
599303,0,0,0,0,0,0,1,20140302,20140302
599304,1,1,1,1,1,1,1,20140303,20150620
599305,1,1,1,1,1,1,1,20140215,20140226
599306,0,0,0,1,0,0,0,20140227,20140227
599307,0,0,0,0,1,0,0,20140228,20140228
599308,0,0,0,0,0,1,1,20140301,20140302
599309,1,1,1,1,1,1,1,20140303,20150620
599268,1,1,1,1,1,1,1,20140215,20140221
599269,1,1,1,1,1,1,1,20140222,20140228
599270,0,0,0,0,0,1,0,20140301,20140301
599271,0,0,0,0,0,0,1,20140302,20140302
599272,1,1,1,1,1,1,1,20140303,20150620
599273,1,1,1,1,1,1,1,20140215,20140301
599274,0,0,0,0,0,0,1,20140302,20140302
599275,1,1,1,1,1,1,1,20140303,20150620
599276,1,1,1,1,1,1,1,20140215,20140221
599277,1,1,1,1,1,1,1,20140222,20140228
599278,0,0,0,0,0,1,0,20140301,20140301
599279,0,0,0,0,0,0,1,20140302,20140302
599280,1,1,1,1,1,1,1,20140303,20150620
599281,1,1,1,1,1,1,1,20140215,20140301
599282,0,0,0,0,0,0,1,20140302,20140302
599283,1,1,1,1,1,1,1,20140303,20150620
599284,1,1,1,1,1,1,1,20140215,20140221
599285,1,1,1,1,1,1,1,20140222,20140228
599286,0,0,0,0,0,1,0,20140301,20140301
599287,0,0,0,0,0,0,1,20140302,20140302
599288,1,1,1,1,1,1,1,20140303,20150620
599310,1,1,1,1,1,1,1,20140215,20140301
599311,0,0,0,0,0,0,1,20140302,20140302
599312,1,1,1,1,1,1,1,20140303,20150620
599289,1,1,1,1,1,1,1,20140215,20140221
599290,1,1,1,1,1,1,1,20140222,20140228
599291,0,0,0,0,0,1,0,20140301,20140301
599292,0,0,0,0,0,0,1,20140302,20140302
599293,1,1,1,1,1,1,1,20140303,20150620
599296,1,1,1,1,1,1,1,20140215,20140228
599294,0,0,0,0,0,1,0,20140301,20140301
599295,1,1,1,1,1,1,1,20140302,20150620
643485,0,0,0,0,0,1,1,20140531,20150620
625365,0,0,0,0,1,0,0,20140704,20140704
643486,1,0,0,0,0,0,0,20140901,20140901
643487,0,0,0,0,0,1,1,20140531,20150620
625367,0,0,0,0,1,0,0,20140704,20140704
643488,1,0,0,0,0,0,0,20140901,20140901
644887,0,0,0,0,0,0,1,20140601,20140824
644889,1,0,0,0,0,0,0,20140901,20140901
644890,0,0,0,0,0,0,1,20140907,20150907
644094,0,0,0,0,0,1,1,20140531,20150620
644095,0,0,0,0,1,0,0,20140704,20140704
644096,1,0,0,0,0,0,0,20140901,20140901
644099,0,0,0,0,0,1,1,20140531,20150620
644097,0,0,0,0,1,0,0,20140704,20140704
644098,1,0,0,0,0,0,0,20140901,20140901
644100,0,0,0,0,0,1,1,20140531,20150620
625377,0,0,0,0,1,0,0,20140704,20140704
644101,1,0,0,0,0,0,0,20140901,20140901
644102,0,0,0,0,0,1,1,20140531,20150620
625379,0,0,0,0,1,0,0,20140704,20140704
644103,1,0,0,0,0,0,0,20140901,20140901
644115,0,0,0,0,0,0,1,20140601,20140824
644117,1,0,0,0,0,0,0,20140901,20140901
644118,0,0,0,0,0,0,1,20140907,20150907
644104,0,0,0,0,0,1,0,20140531,20150620
625381,0,0,0,0,1,0,0,20140704,20140704
644105,0,0,0,0,0,0,1,20140831,20140831
644119,1,1,1,1,1,0,0,20140530,20140703
644120,1,1,1,1,1,0,0,20140707,20140829
644122,1,1,1,1,1,0,0,20140902,20150902
644106,1,1,1,1,1,0,0,20140530,20140703
644107,1,1,1,1,1,0,0,20140707,20140829
644109,1,1,1,1,1,0,0,20140902,20150902
644891,1,1,1,1,1,0,0,20140531,20140703
644892,1,1,1,1,1,0,0,20140707,20140829
644894,1,1,1,1,1,0,0,20140902,20150902
644125,1,1,1,1,1,0,0,20140530,20140703
644123,1,1,1,1,1,0,0,20140707,20140829
644126,1,1,1,1,1,0,0,20140902,20150902
644896,0,0,0,0,0,1,1,20140531,20150620
625405,0,0,0,0,1,0,0,20140704,20140704
644895,1,0,0,0,0,0,0,20140901,20140901
644111,1,1,1,1,1,0,0,20140530,20140703
644112,1,1,1,1,1,0,0,20140707,20140829
644114,1,1,1,1,1,0,0,20140902,20150902
643489,1,1,1,1,1,0,0,20140529,20140703
643490,1,1,1,1,1,0,0,20140707,20140829
643492,1,1,1,1,1,0,0,20140902,20150902
644897,1,1,1,1,1,0,0,20140531,20140703
644898,1,1,1,1,1,0,0,20140707,20140829
644900,1,1,1,1,1,0,0,20140902,20150902
643493,1,1,1,1,1,0,0,20140529,20140703
643494,1,1,1,1,1,0,0,20140707,20140829
643496,1,1,1,1,1,0,0,20140902,20150902
644127,0,0,0,0,0,0,1,20140601,20140824
644129,1,0,0,0,0,0,0,20140901,20140901
644130,0,0,0,0,0,0,1,20140907,20150907
596461,1,1,0,1,1,1,1,20140208,20140211
596463,1,1,1,1,1,1,1,20140215,20150620
596464,1,1,0,1,0,0,1,20140208,20140211
596465,0,0,0,0,1,1,0,20140208,20140208
596468,0,0,0,0,1,1,0,20140215,20150620
596469,1,1,1,1,0,0,1,20140216,20150620
614044,1,1,1,1,1,1,1,20140327,20140426
614045,0,0,0,0,0,0,1,20140427,20140427
614046,1,1,1,1,1,1,1,20140428,20150620
596811,0,0,0,0,1,1,0,20140209,20140209
596812,1,0,0,0,0,0,1,20140209,20140210
596374,0,1,1,1,0,0,0,20140211,20140213
596813,0,0,0,0,1,1,0,20140214,20140215
596378,1,1,1,1,0,0,1,20140216,20150620
596814,0,0,0,0,1,1,0,20140221,20150620
606418,1,1,1,1,1,0,0,20140305,20140307
606420,1,1,1,1,1,1,1,20140309,20141031
606421,1,1,1,1,1,1,1,20141101,20151101
622043,1,1,1,1,1,1,1,20140418,20140608
622044,1,1,1,1,1,1,1,20140609,20141031
606417,1,1,1,1,1,1,1,20141101,20151101
606450,0,1,0,0,1,0,0,20140305,20140307
606448,0,1,0,0,1,0,1,20140309,20141031
606449,0,1,0,0,1,0,1,20141102,20151102
612343,0,0,0,0,1,0,1,20140322,20140323
610364,0,0,1,0,1,0,1,20140326,20140330
612344,0,0,1,0,1,0,1,20140402,20140406
612345,0,0,1,0,1,0,1,20140409,20141031
610367,0,0,1,0,1,0,1,20141102,20151102
649625,1,1,1,1,1,1,1,20140608,20140702
649626,1,1,1,1,1,1,1,20140703,20140731
649627,1,1,1,1,1,1,1,20140801,20140902
649628,1,1,1,1,1,1,1,20140903,20150903
649629,1,1,1,1,1,1,1,20140608,20140704
649630,1,1,1,1,1,1,1,20140705,20140903
649631,1,1,1,1,1,1,1,20140904,20150904
652285,1,1,1,1,1,1,1,20130923,20131015
652287,1,1,1,1,1,1,1,20131024,20150620
650946,1,1,1,1,1,0,1,20140611,20140617
650947,1,1,1,1,1,1,1,20140618,20150620
649619,0,1,0,0,1,0,1,20140608,20140701
649620,0,1,0,0,1,0,1,20140704,20140902
649621,0,1,0,0,1,0,1,20140905,20141031
648714,0,1,0,0,1,0,1,20141102,20151102
649622,0,0,1,0,1,0,1,20140608,20140702
649623,0,0,1,0,1,0,1,20140704,20140831
649624,0,0,1,0,1,0,1,20140903,20141031
649149,0,0,1,0,1,0,1,20141102,20151102
644464,0,0,0,0,0,1,1,20140531,20140601
644465,0,0,0,0,0,1,1,20140607,20140615
644466,0,0,0,0,0,1,1,20140621,20150621
644467,0,0,0,0,1,0,0,20140704,20140704
644468,1,0,0,0,0,0,0,20140901,20140901
644448,1,1,1,1,1,0,0,20140530,20140606
644449,1,1,1,1,0,0,0,20140609,20140619
644450,0,0,0,0,1,0,0,20140613,20140613
644451,1,1,1,1,1,0,0,20140620,20140703
644453,1,1,1,1,1,0,0,20140707,20140829
644455,1,1,1,1,1,0,0,20140902,20150902
644456,1,1,1,1,1,0,0,20140530,20140606
644457,1,1,1,0,0,0,0,20140609,20140618
644458,0,0,0,1,1,0,0,20140612,20140613
644459,1,1,1,1,1,0,0,20140619,20140703
644461,1,1,1,1,1,0,0,20140707,20140829
644463,1,1,1,1,1,0,0,20140902,20150902
644469,0,0,0,0,0,1,1,20140531,20140607
642223,0,0,0,0,0,0,1,20140608,20140615
642224,0,0,0,0,0,1,0,20140614,20140614
642225,0,0,0,0,0,1,1,20140621,20150621
642226,0,0,0,0,1,0,0,20140704,20140704
644470,1,0,0,0,0,0,0,20140901,20140901
639445,0,1,0,0,0,0,0,20140527,20140527
639446,1,0,0,0,0,0,0,20140602,20140825
636121,0,1,1,1,1,0,0,20140515,20140516
636122,0,0,0,0,0,1,1,20140517,20140518
636123,1,0,0,0,0,0,0,20140519,20140519
636124,1,1,1,1,1,0,0,20140520,20140829
636125,0,0,0,0,0,1,1,20140524,20140831
636126,1,1,1,1,1,0,0,20140901,20150901
636127,0,0,0,0,0,1,1,20140906,20150906
593494,1,1,1,1,1,0,0,20140202,20140207
593495,0,0,0,0,0,1,1,20140202,20140209
593496,1,1,1,1,1,0,0,20140210,20150620
593497,0,0,0,0,0,1,1,20140215,20150620
630202,1,1,1,1,1,0,0,20140502,20140516
630203,0,0,0,0,0,1,1,20140503,20140518
630206,1,0,0,0,0,0,0,20140526,20140526
630209,0,0,0,0,0,0,1,20140601,20140831
630210,1,1,1,1,1,0,0,20140901,20150901
630211,0,0,0,0,0,1,1,20140906,20150906
629729,1,1,1,1,1,0,0,20140501,20140516
629730,0,0,0,0,0,1,1,20140503,20140518
629734,1,0,0,0,0,0,0,20140526,20140526
629736,0,0,0,0,0,0,1,20140601,20140831
629737,1,1,1,1,1,0,0,20140901,20150901
629738,0,0,0,0,0,1,1,20140906,20150906
629739,1,1,1,1,1,0,0,20140501,20140516
629740,0,0,0,0,0,1,1,20140503,20140518
629741,1,1,1,1,1,0,0,20140519,20140523
629742,0,0,0,0,0,1,0,20140524,20140830
629743,0,0,0,0,0,0,1,20140525,20140525
629744,1,0,0,0,0,0,0,20140526,20140526
629745,1,1,1,1,1,0,0,20140527,20140829
629746,0,0,0,0,0,0,1,20140601,20140824
629747,0,0,0,0,0,1,1,20140831,20150831
629748,1,1,1,1,1,0,0,20140901,20150901
629751,1,1,1,1,1,0,0,20140501,20140516
629749,0,0,0,0,0,1,1,20140503,20140518
629750,1,1,1,1,1,0,0,20140519,20140829
629752,0,0,0,0,0,1,1,20140524,20140831
629753,1,1,1,1,1,0,0,20140901,20150901
629754,0,0,0,0,0,1,1,20140906,20150906
630212,1,1,1,1,1,0,0,20140519,20140829
630213,0,0,0,0,0,1,1,20140524,20140831
629755,1,1,1,1,1,1,1,20140519,20140525
629757,1,1,1,1,1,1,0,20140527,20140830
