service_id,monday,tuesday,wednesday,thursday,friday,saturday,sunday,start_date,end_date
1,0,0,0,0,0,1,0,20191214,20201211
2,0,0,0,0,0,0,1,20191215,20201213
3,1,1,1,1,1,0,0,20191216,20201211
4,0,0,0,0,0,0,1,20181216,20201213
5,0,0,0,0,0,1,0,20191214,20201212
6,1,1,1,1,1,1,0,20191215,20201211
7,1,1,1,1,1,1,0,20191216,20201211
8,1,1,1,1,1,1,0,20191214,20201214
9,1,1,1,1,1,1,0,20191214,20201219
10,1,1,1,1,1,1,0,20191214,20201215
11,1,1,1,1,1,1,0,20191213,20201211
12,0,0,0,0,0,0,1,20191214,20201211
13,1,1,1,1,1,1,0,20191214,20201211
14,1,1,1,1,1,1,0,20191214,20201213
15,0,0,0,0,0,0,1,20191214,20201213
16,0,0,0,0,0,0,1,20190914,20201211
17,1,1,1,1,1,1,0,20191215,20201213
18,0,0,0,0,0,0,1,20191215,20201211
19,1,1,1,1,1,0,0,20191215,20201211
20,0,0,0,0,0,1,0,20191215,20201211
21,0,0,0,0,0,0,1,20191216,20201211
22,1,1,1,1,1,1,0,20191215,20201216
23,0,0,0,0,0,0,1,20191216,20201214
24,1,1,1,1,1,1,0,20191219,20201214
25,1,1,1,1,1,0,0,20191215,20201213
26,0,0,0,0,0,0,1,20191215,20201214
27,0,0,0,0,0,0,1,20191214,20201216
28,0,0,0,0,0,0,1,20191214,20201215
29,0,0,0,0,0,0,1,20191214,20201214
30,0,0,0,0,0,0,1,20191214,20201220
31,0,0,0,0,0,0,1,20191215,20201220
32,1,1,1,1,1,1,0,20191215,20201214
33,0,0,0,0,0,0,1,20191216,20201216
34,0,0,0,0,0,0,1,20191216,20201215
35,1,1,1,1,1,1,0,20191221,20201214
36,1,1,1,1,1,1,0,20191216,20201216
37,0,0,0,0,0,0,1,20191219,20201214
38,0,0,0,0,0,0,1,20191209,20201214
39,0,0,0,0,0,0,1,20191212,20201212
40,1,1,1,1,1,0,0,20200727,20200928
41,1,1,1,1,1,1,0,20200725,20200928
42,0,0,0,0,0,0,1,20200726,20200927
43,1,1,1,1,1,0,0,20200801,20200928
44,0,0,0,0,0,0,1,20200802,20200927
45,1,1,1,1,1,0,0,20200803,20200928
46,1,1,1,1,1,1,0,20200801,20200928
47,1,0,0,0,1,1,0,20200801,20200928
48,1,1,1,1,1,0,0,20200901,20201222
49,1,1,1,1,1,0,0,20200901,20200930
50,1,1,1,1,1,1,0,20201001,20201222
51,0,0,0,0,0,0,1,20200712,20201220
52,1,1,1,1,1,1,0,20200901,20201222
53,1,1,1,1,1,1,0,20200706,20200930
54,0,0,0,0,0,0,1,20200712,20200927
55,1,1,1,1,1,0,0,20201001,20201222
56,0,0,0,0,0,0,1,20200713,20201220
57,0,0,0,0,0,0,1,20200405,20201220
58,0,0,0,0,0,1,0,20200509,20200926
59,0,0,0,0,0,0,1,20200621,20201220
60,1,1,1,1,1,1,0,20200706,20201222
61,1,1,1,1,1,0,0,20200706,20200930
62,0,0,0,0,0,1,0,20200711,20200926
63,1,1,1,1,1,0,0,20200401,20201222
64,1,1,1,1,1,1,0,20200615,20201222
65,0,0,0,0,0,0,1,20200405,20200927
66,0,0,0,0,0,1,0,20200404,20200926
67,1,1,1,1,1,1,0,20200901,20200930
68,1,1,1,1,1,1,0,20200401,20200930
69,1,1,1,1,1,1,0,20200409,20201223
70,0,0,0,0,0,0,1,20200412,20201220
71,1,1,1,1,1,0,0,20200901,20201223
72,1,1,1,1,1,1,0,20200711,20201223
73,1,1,1,1,1,0,0,20200902,20201224
74,1,1,1,1,1,0,0,20200901,20201224
75,1,1,1,1,1,1,0,20200202,20201223
76,1,1,1,1,1,1,0,20200201,20201223
77,1,1,1,1,1,0,0,20200915,20201223
78,1,1,1,1,1,0,0,20200915,20201023
79,1,1,1,1,1,0,0,20201026,20201030
80,1,1,1,1,1,0,0,20201102,20201218
81,0,0,0,0,0,1,0,20200919,20201219
82,0,0,0,0,0,0,1,20200920,20201220
83,1,1,1,1,1,0,0,20200914,20201223
84,1,1,1,1,1,1,0,20200914,20201223
85,1,1,1,1,1,0,0,20200914,20201218
86,1,1,1,1,1,0,0,20190909,20200930
87,0,0,0,0,0,1,0,20190910,20200930
88,1,1,1,1,1,0,0,20190905,20200930
89,0,0,0,0,0,1,0,20190905,20200930
90,0,0,0,0,0,0,1,20200405,20200920
91,1,1,1,1,1,0,0,20200406,20200925
92,0,0,0,0,0,1,0,20200411,20200926
93,0,0,0,0,0,0,1,20160103,20201231
94,1,1,1,1,1,1,0,20160104,20201231
95,0,0,0,0,0,0,1,20190804,20251231
96,1,1,1,1,1,1,0,20190805,20251231
97,0,0,0,0,0,1,0,20200919,20201017
98,0,0,0,0,0,0,1,20201018,20201018
99,0,1,0,0,0,0,0,20200407,20201027
100,0,0,0,1,0,0,0,20200528,20201029
101,0,0,0,0,0,0,1,20200920,20201101
102,0,0,0,0,0,1,0,20201003,20201031
103,0,0,0,0,1,0,0,20201030,20201030
104,0,0,0,0,0,0,1,20200920,20200920
105,0,0,0,0,0,0,1,20200927,20201018
106,0,0,0,0,0,0,1,20200517,20201206
107,0,0,0,0,0,1,0,20200516,20201205
108,0,0,0,0,0,0,1,20200517,20201206
109,0,0,0,0,0,0,1,20200927,20200927
110,0,0,0,0,0,0,1,20200517,20201206
111,0,0,0,0,0,0,1,20200517,20201206
112,0,0,0,0,0,0,1,20201004,20201004
113,0,0,0,0,0,0,1,20200517,20201206
114,0,0,0,0,0,0,1,20201025,20201025
115,0,0,0,0,0,0,1,20200517,20201206
116,0,0,0,0,0,0,1,20200517,20201206
117,0,0,0,0,0,0,1,20200920,20200927
118,0,0,0,0,0,0,1,20201101,20201101
119,0,0,0,0,0,0,1,20200517,20201206
120,0,0,0,0,0,0,1,20201011,20201011
121,0,0,0,0,0,0,1,20200517,20201206
122,0,0,0,0,0,0,1,20200517,20201206
123,0,0,0,0,0,0,1,20200517,20201206
124,0,0,0,0,0,0,1,20200517,20201025
125,0,0,0,0,0,0,1,20201004,20201206
126,0,0,0,0,0,0,1,20200517,20201206
127,0,0,0,0,0,0,1,20200517,20201206
128,0,0,0,0,0,0,1,20201004,20201206
129,0,0,0,0,0,0,1,20200517,20201206
130,0,0,0,0,0,0,1,20201004,20201025
131,0,0,0,0,0,0,1,20201004,20201206
132,0,0,0,0,0,0,1,20201101,20201206
133,0,0,0,0,0,0,1,20201011,20201025
134,0,0,0,0,0,0,1,20201011,20201206
135,0,0,0,0,0,0,1,20200517,20201206
136,0,0,0,0,0,0,1,20201004,20201011
137,0,0,0,0,0,0,1,20200517,20201206
138,0,0,0,0,0,0,1,20200517,20200913
139,0,0,0,0,0,0,1,20200517,20201206
140,0,0,0,0,0,0,1,20200517,20201206
141,0,0,0,0,0,0,1,20200517,20200628
142,0,0,0,0,0,0,1,20200517,20200705
143,0,0,0,0,0,0,1,20200517,20200621
144,0,0,0,0,0,0,1,20200517,20200802
145,0,0,0,0,0,0,1,20201018,20201206
146,0,0,0,0,0,0,1,20200517,20201206
147,0,0,0,0,0,0,1,20201011,20201018
148,0,0,0,0,0,0,1,20200517,20201025
149,0,0,0,0,0,0,1,20200517,20200920
150,0,0,0,0,0,0,1,20200517,20200927
151,0,0,0,0,0,0,1,20201004,20201018
152,0,0,0,0,0,0,1,20200517,20201025
153,0,0,0,0,0,0,1,20200517,20201025
154,0,0,0,0,0,1,0,20201031,20201205
155,0,0,0,0,0,0,1,20200517,20201206
156,0,0,0,0,0,0,1,20200517,20201206
157,0,0,0,0,0,0,1,20200517,20201206
158,0,0,0,0,0,0,1,20200920,20201004
159,0,0,0,0,0,0,1,20201011,20201206
160,0,0,0,0,0,0,1,20200517,20201206
161,0,0,0,0,0,0,1,20200517,20201206
162,0,0,0,0,0,0,1,20200517,20201206
163,0,0,0,0,0,0,1,20200517,20200712
164,0,0,0,0,0,0,1,20201011,20201206
165,0,0,0,0,0,0,1,20200517,20201206
166,0,0,0,0,0,0,1,20200517,20201206
167,0,0,0,0,0,0,1,20200517,20201206
168,0,0,0,0,0,0,1,20201025,20201101
169,0,0,0,0,0,0,1,20200517,20201206
170,0,0,0,0,0,0,1,20200517,20201206
171,0,0,0,0,0,0,1,20200517,20201206
172,0,0,0,0,0,0,1,20200517,20201206
173,0,0,0,0,0,0,1,20201011,20201101
174,0,0,0,0,0,0,1,20200517,20201206
175,0,0,0,0,0,0,1,20201018,20201206
176,0,0,0,0,0,0,1,20200517,20201206
177,0,0,0,0,0,0,1,20200517,20201206
178,0,0,0,0,0,0,1,20201011,20201206
179,0,0,0,0,0,0,1,20200517,20201206
180,0,0,0,0,0,0,1,20200517,20201206
181,0,0,0,0,0,0,1,20200517,20201206
182,0,0,0,0,0,0,1,20200517,20201206
183,0,0,0,0,0,0,1,20200517,20201206
184,0,0,0,0,0,0,1,20200920,20201101
185,0,0,0,0,0,0,1,20200517,20201206
186,0,0,0,0,0,0,1,20200517,20201206
187,0,0,0,0,0,0,1,20200517,20201206
188,0,0,0,0,0,0,1,20201018,20201101
189,0,0,0,0,0,0,1,20200517,20201206
190,0,0,0,0,0,0,1,20200517,20201018
191,0,0,0,0,0,0,1,20200517,20201206
192,0,0,0,0,0,0,1,20200517,20201206
193,0,0,0,0,0,0,1,20200517,20201206
194,0,0,0,0,0,0,1,20200517,20201206
195,0,0,0,0,0,0,1,20200517,20201206
196,0,0,0,0,0,0,1,20200517,20201206
197,0,0,0,0,0,0,1,20200517,20201206
198,0,0,0,0,0,0,1,20200927,20201011
199,0,0,0,0,0,0,1,20200517,20201206
200,0,0,0,0,0,0,1,20200517,20201206
201,0,0,0,0,0,0,1,20200517,20201206
202,0,0,0,0,0,0,1,20201018,20201025
203,0,0,0,0,0,0,1,20200517,20201206
204,0,0,0,0,0,0,1,20200517,20201206
205,0,0,0,0,0,0,1,20200517,20201206
206,0,0,0,0,0,0,1,20200517,20201206
207,0,0,0,0,0,0,1,20200517,20201206
208,0,0,0,0,0,0,1,20200920,20201025
209,0,0,0,0,0,0,1,20200517,20201206
210,0,0,0,0,0,0,1,20200517,20200607
211,0,0,0,0,0,0,1,20200927,20201206
212,0,0,0,0,0,1,0,20201003,20201205
213,0,0,0,0,0,0,1,20200920,20201011
214,0,0,0,0,0,0,1,20200517,20201018
215,0,0,0,0,0,0,1,20200517,20201206
216,0,0,0,0,0,0,1,20200927,20201004
217,0,0,0,0,0,0,1,20200517,20200830
218,0,0,0,0,0,0,1,20200517,20201018
219,0,0,0,0,0,0,1,20200517,20201018
220,0,0,0,0,0,0,1,20200517,20200906
221,0,0,0,0,0,0,1,20200517,20201206
222,0,0,0,0,0,0,1,20200920,20201011
223,0,0,0,0,0,0,1,20200517,20201206
224,0,0,0,0,0,0,1,20200920,20201025
225,0,0,0,0,0,0,1,20200517,20201206
226,0,0,0,0,0,0,1,20201004,20201115
227,0,0,0,0,0,0,1,20200517,20201206
228,0,0,0,0,0,0,1,20201018,20201108
229,0,0,0,0,0,0,1,20200517,20201206
230,0,0,0,0,0,0,1,20201108,20201108
231,0,0,0,0,0,0,1,20200517,20201206
232,0,0,0,0,0,0,1,20200517,20201206
233,0,0,0,0,0,0,1,20200517,20201206
234,0,0,0,0,0,0,1,20201025,20201108
235,0,0,0,0,0,0,1,20200920,20201011
236,0,0,0,0,0,0,1,20200920,20201025
237,0,0,0,0,0,0,1,20200927,20201025
238,0,0,0,0,0,0,1,20201004,20201108
239,0,0,0,0,0,0,1,20200517,20201206
240,0,0,0,0,0,0,1,20200927,20201025
241,0,0,0,0,0,0,1,20201004,20201101
242,0,0,0,0,0,0,1,20200517,20200531
243,0,0,0,0,0,0,1,20200517,20201206
244,0,0,0,0,0,0,1,20200517,20201206
245,0,0,0,0,0,0,1,20201115,20201115
246,0,0,0,0,0,0,1,20200517,20201011
247,0,0,0,0,0,0,1,20200517,20201206
248,0,0,0,0,0,0,1,20200517,20201206
249,0,0,0,0,0,0,1,20201004,20201206
250,0,0,0,0,0,0,1,20200517,20201206
251,0,0,0,0,0,0,1,20200927,20201011
252,0,0,0,0,0,0,1,20200517,20201206
253,0,0,0,0,0,0,1,20201122,20201129
254,0,0,0,0,0,0,1,20200517,20201206
255,0,0,0,0,0,0,1,20200927,20201206
256,0,0,0,0,0,0,1,20200517,20201206
257,0,0,0,0,0,0,1,20200913,20200920
258,0,0,0,0,0,0,1,20200517,20201206
259,0,0,0,0,0,0,1,20200920,20201206
260,0,0,0,0,0,0,1,20200927,20201206
261,0,0,0,0,0,0,1,20200517,20201206
262,0,0,0,0,0,0,1,20200809,20201206
263,0,0,0,0,0,0,1,20201108,20201115
264,0,0,0,0,0,0,1,20200517,20201206
265,0,0,0,0,0,0,1,20200517,20201206
266,0,0,0,0,0,0,1,20200809,20201206
267,0,0,0,0,0,0,1,20200517,20200823
268,0,0,0,0,0,0,1,20200830,20201206
269,0,0,0,0,0,0,1,20200920,20201206
270,0,0,0,0,0,0,1,20200517,20201206
271,0,0,0,0,0,0,1,20200517,20201206
272,0,0,0,0,0,0,1,20200517,20201206
273,0,0,0,0,0,0,1,20201101,20201108
274,0,0,0,0,0,0,1,20200517,20201206
275,0,0,0,0,0,0,1,20200920,20201018
276,0,0,0,0,0,0,1,20200517,20201206
277,0,0,0,0,0,0,1,20200517,20201206
278,0,0,0,0,0,0,1,20201122,20201122
279,0,0,0,0,0,0,1,20200927,20201115
280,0,0,0,0,0,0,1,20201004,20201025
281,0,0,0,0,0,0,1,20201108,20201122
282,0,0,0,0,0,0,1,20200920,20201011
283,0,0,0,0,0,0,1,20200517,20201206
284,0,0,0,0,0,0,1,20200517,20201206
285,0,0,0,0,0,0,1,20200517,20201206
286,0,0,0,0,0,0,1,20200517,20200816
287,0,0,0,0,0,0,1,20200517,20201206
288,0,0,0,0,0,0,1,20200517,20201206
289,0,0,0,0,0,1,0,20200516,20201205
290,0,0,0,0,0,1,0,20201003,20201003
291,0,0,0,0,0,0,1,20200517,20201206
292,0,0,0,0,0,0,1,20200517,20201206
293,0,0,0,0,0,1,0,20200516,20201205
294,0,0,0,0,0,0,1,20200517,20201108
295,0,0,0,0,0,0,1,20201101,20201206
296,0,0,0,0,0,0,1,20200517,20201004
297,0,0,0,0,0,0,1,20200517,20201206
298,0,0,0,0,0,0,1,20200517,20201206
299,0,0,0,0,0,1,0,20200516,20201205
300,0,0,0,0,0,1,0,20201024,20201024
301,0,0,0,0,0,0,1,20200517,20201206
302,0,0,0,0,0,0,1,20200517,20201206
303,0,0,0,0,0,0,1,20200517,20201206
304,0,0,0,0,0,0,1,20200517,20201206
305,0,0,0,0,0,0,1,20200517,20201206
306,0,0,0,0,0,0,1,20200517,20201206
307,0,0,0,0,0,1,0,20200516,20201205
308,0,0,0,0,0,1,0,20201017,20201017
309,0,0,0,0,0,0,1,20200517,20201206
310,0,0,0,0,0,0,1,20200517,20201206
311,0,0,0,0,0,1,0,20200516,20201205
312,0,0,0,0,0,1,0,20200919,20200919
313,0,0,0,0,0,1,0,20200926,20200926
314,0,0,0,0,0,0,1,20200517,20201206
315,0,0,0,0,0,0,1,20201101,20201206
316,0,0,0,0,0,0,1,20201011,20201206
317,0,0,0,0,0,0,1,20200517,20201206
318,0,0,0,0,0,0,1,20200913,20200927
319,0,0,0,0,0,0,1,20200517,20201206
320,0,0,0,0,0,0,1,20200517,20201206
321,0,0,0,0,0,1,0,20200516,20201205
322,0,0,0,0,0,0,1,20200517,20201206
323,0,0,0,0,0,1,0,20200516,20201205
324,0,0,0,0,0,0,1,20200927,20201101
325,0,0,0,0,0,1,0,20200926,20201031
326,0,0,0,0,0,0,1,20200517,20201206
327,0,0,0,0,0,0,1,20200927,20201025
328,0,0,0,0,0,1,0,20200516,20201205
329,0,0,0,0,0,0,1,20200517,20200614
330,0,0,0,0,0,0,1,20201004,20201206
331,0,0,0,0,0,0,1,20200517,20201206
332,0,0,0,0,0,0,1,20200517,20201206
333,0,0,0,0,0,0,1,20201004,20201206
334,0,0,0,0,0,0,1,20200517,20201206
335,0,0,0,0,0,0,1,20200517,20201206
336,0,0,0,0,0,0,1,20201004,20201206
337,0,0,0,0,0,0,1,20200517,20201206
338,0,0,0,0,0,0,1,20201004,20201206
339,0,0,0,0,0,0,1,20201004,20201206
340,0,0,0,0,0,0,1,20200517,20201206
341,0,0,0,0,0,0,1,20200517,20201206
342,0,0,0,0,0,0,1,20200517,20201206
343,0,0,0,0,0,0,1,20200517,20201206
344,0,0,0,0,0,0,1,20201004,20201206
345,0,0,0,0,0,0,1,20200517,20201206
346,0,0,0,0,0,1,0,20200516,20201205
347,0,0,0,0,0,0,1,20200927,20201025
348,0,0,0,0,0,0,1,20200517,20201206
349,0,0,0,0,0,0,1,20200920,20201004
350,0,0,0,0,0,0,1,20200517,20200726
351,0,0,0,0,0,0,1,20200517,20201206
352,0,0,0,0,0,0,1,20200920,20201101
353,0,0,0,0,0,0,1,20200517,20201206
354,0,0,0,0,0,1,0,20200516,20201205
355,0,0,0,0,0,1,0,20201010,20201010
356,0,0,0,0,0,0,1,20200517,20201206
357,0,0,0,0,0,0,1,20201018,20201101
358,0,0,0,0,0,1,0,20200516,20201205
359,0,0,0,0,0,1,0,20200919,20200926
360,0,0,0,0,0,0,1,20200517,20201206
361,0,0,0,0,0,0,1,20201004,20201206
362,0,0,0,0,0,0,1,20200517,20200927
363,0,0,0,0,0,1,0,20200516,20200926
364,0,0,0,0,0,0,1,20200517,20201206
365,0,0,0,0,0,1,0,20200516,20201205
366,0,0,0,0,0,0,1,20200517,20201004
367,0,0,0,0,0,0,1,20200517,20201206
368,0,0,0,0,0,0,1,20201122,20201206
369,0,0,0,0,0,1,0,20201121,20201205
370,0,0,0,0,0,0,1,20200517,20200809
371,0,0,0,0,0,1,0,20200516,20200808
372,0,0,0,0,0,1,0,20200926,20201205
373,0,0,0,0,0,0,1,20200517,20201004
374,0,0,0,0,0,0,1,20200517,20201004
375,0,0,0,0,0,0,1,20200920,20201018
376,0,0,0,0,0,1,0,20200516,20201205
377,0,0,0,0,0,0,1,20200927,20201206
378,0,0,0,0,0,1,0,20200926,20201205
379,0,0,0,0,0,1,0,20200516,20201205
380,0,0,0,0,0,1,0,20201017,20201024
381,0,0,0,0,0,1,0,20200516,20201205
382,0,0,0,0,0,1,0,20200516,20201205
383,0,0,0,0,0,1,0,20200516,20201205
384,0,0,0,0,0,1,0,20200919,20201017
385,0,0,0,0,0,1,0,20200516,20201205
386,0,0,0,0,0,0,1,20200920,20201018
387,0,0,0,0,0,1,0,20201003,20201010
388,0,0,0,0,0,1,0,20200516,20201205
389,0,0,0,0,0,0,1,20200920,20201018
390,0,0,0,0,0,1,0,20200516,20201205
391,0,0,0,0,0,0,1,20201004,20201206
392,0,0,0,0,0,0,1,20200517,20200719
393,0,0,0,0,0,1,0,20201010,20201017
394,0,0,0,0,0,0,1,20201025,20201206
395,0,0,0,0,0,0,1,20200927,20201018
396,0,0,0,0,0,0,1,20200517,20201206
397,0,0,0,0,0,0,1,20201129,20201129
398,0,0,0,0,0,0,1,20200517,20201206
399,0,0,0,0,0,0,1,20200517,20201206
400,0,0,0,0,0,0,1,20200920,20201101
401,0,0,0,0,0,0,1,20200517,20201206
402,0,0,0,0,0,0,1,20201115,20201129
403,0,0,0,0,0,0,1,20200517,20200517
404,0,0,0,0,0,0,1,20200927,20201206
405,0,0,0,0,0,1,0,20200516,20201205
406,0,0,0,0,0,0,1,20200517,20201206
407,0,0,0,0,0,1,0,20200516,20201205
408,0,0,0,0,0,0,1,20200517,20201206
409,0,0,0,0,0,0,1,20200823,20201206
410,0,0,0,0,0,0,1,20200913,20201206
411,0,0,0,0,0,0,1,20200517,20201206
412,0,0,0,0,0,0,1,20200517,20201025
413,0,0,0,0,0,0,1,20200913,20201206
414,0,0,0,0,0,0,1,20200809,20201206
415,0,0,0,0,0,0,1,20200913,20201206
416,0,0,0,0,0,0,1,20200927,20201206
417,0,0,0,0,0,0,1,20200517,20201206
418,0,0,0,0,0,0,1,20200816,20201206
419,0,0,0,0,0,0,1,20200517,20201206
420,0,0,0,0,0,0,1,20200517,20201206
421,0,0,0,0,0,0,1,20200517,20201206
422,0,0,0,0,0,0,1,20200517,20201206
423,0,0,0,0,0,0,1,20200517,20201206
424,0,0,0,0,0,1,0,20200516,20201205
425,0,0,0,0,0,0,1,20201108,20201206
426,0,0,0,0,0,0,1,20201115,20201206
427,0,0,0,0,0,0,1,20200927,20201101
428,0,0,0,0,0,0,1,20200920,20201018
429,0,0,0,0,0,0,1,20200517,20201206
430,0,0,0,0,0,0,1,20200517,20201206
431,0,0,0,0,0,0,1,20200517,20201206
432,0,0,0,0,0,0,1,20200517,20201206
433,0,0,0,0,0,0,1,20200517,20201206
434,0,0,0,0,0,0,1,20200517,20201206
435,0,0,0,0,0,0,1,20201004,20201018
436,0,0,0,0,0,0,1,20200920,20201101
437,0,0,0,0,0,0,1,20201004,20201101
438,0,0,0,0,0,0,1,20201004,20201101
439,0,0,0,0,0,0,1,20200920,20201101
440,1,1,1,1,1,0,0,20200518,20201211
441,1,1,1,1,1,1,0,20200518,20201212
442,1,1,1,1,1,0,0,20200518,20201211
443,0,0,0,0,0,1,0,20200523,20201212
444,0,0,0,1,0,0,0,20200924,20200924
445,1,1,1,1,0,0,1,20200517,20201210
446,1,1,1,1,1,1,0,20200518,20201211
447,0,0,0,0,0,1,0,20200912,20201212
448,1,1,1,1,1,0,0,20200518,20201211
449,0,0,1,0,0,0,0,20201021,20201021
450,1,1,1,1,1,0,0,20200518,20201211
451,1,1,1,1,0,0,0,20201026,20201029
452,1,1,1,1,0,0,0,20201019,20201022
453,1,1,1,1,0,0,0,20201109,20201112
454,1,1,1,1,1,1,0,20200518,20200914
455,1,1,1,1,1,1,0,20201212,20201212
456,1,0,0,0,0,1,0,20200919,20201207
457,0,1,1,1,1,0,0,20200915,20201211
458,1,0,0,0,0,0,0,20200518,20201207
459,0,1,1,1,1,0,0,20200519,20201211
460,1,1,1,1,1,1,0,20200518,20201212
461,0,0,0,0,0,1,0,20201031,20201031
462,1,1,1,1,0,0,0,20200518,20201210
463,1,1,1,1,0,0,0,20201012,20201015
464,1,1,1,1,0,0,0,20201123,20201126
465,1,1,1,1,1,0,0,20200518,20200731
466,1,0,0,0,0,0,0,20200518,20201207
467,1,1,1,1,1,0,0,20200518,20201211
468,0,0,1,0,0,0,0,20200923,20200923
469,1,1,1,1,1,0,0,20200518,20200908
470,1,1,1,1,1,0,0,20201211,20201211
471,1,1,0,0,1,0,0,20200911,20201208
472,0,0,1,1,0,0,0,20200909,20201210
473,1,1,1,1,1,0,0,20200518,20201211
474,1,0,0,0,0,0,0,20201026,20201026
475,0,1,1,1,1,0,0,20200922,20200925
476,0,1,1,1,1,0,0,20201027,20201030
477,1,1,1,1,1,0,0,20200518,20200914
478,1,0,0,0,0,0,0,20200921,20201207
479,0,0,0,0,0,1,0,20200912,20201212
480,1,1,1,1,1,0,0,20201123,20201126
481,1,1,1,1,1,0,0,20200518,20201211
482,1,1,1,1,1,0,0,20200518,20201211
483,1,0,0,1,1,0,0,20200518,20201211
484,1,1,1,1,1,0,0,20200518,20201211
485,1,0,0,0,0,0,0,20200921,20200921
486,1,1,1,1,1,0,0,20200518,20201211
487,0,0,1,1,0,0,0,20200923,20200924
488,1,1,1,1,1,0,0,20200518,20201211
489,1,0,0,0,0,0,0,20200928,20200928
490,1,0,0,0,0,0,0,20200518,20200907
491,1,0,0,0,0,0,0,20200914,20201207
492,1,1,1,1,1,0,0,20200518,20201211
493,1,1,1,1,1,0,0,20200928,20201002
494,1,1,1,1,1,0,0,20200518,20200918
495,1,1,1,1,1,0,0,20200921,20201211
496,1,1,1,1,1,0,0,20200518,20200911
497,1,1,1,1,1,0,0,20200914,20201211
498,0,0,0,0,0,1,0,20200912,20201212
499,0,0,0,0,0,1,0,20201003,20201017
500,1,1,1,1,1,0,0,20200518,20201022
501,0,1,1,1,0,0,0,20200922,20200924
502,0,0,0,0,1,0,0,20200925,20201009
503,1,1,1,0,0,0,0,20200928,20200930
504,0,0,0,1,0,0,0,20201001,20201001
505,0,0,0,0,1,0,0,20201002,20201023
506,1,0,0,0,0,0,0,20201005,20201005
507,0,1,1,1,0,0,0,20201006,20201210
508,1,0,0,0,1,0,0,20201012,20201211
509,1,1,1,1,0,0,0,20200518,20201210
510,1,0,0,0,1,0,0,20200518,20201211
511,1,1,1,1,1,0,0,20201005,20201211
512,1,1,1,1,1,0,0,20200921,20200925
513,1,1,0,1,1,0,0,20200518,20201211
514,0,0,0,0,1,0,0,20200925,20200925
515,1,1,1,1,1,0,0,20200518,20201211
516,1,1,1,1,0,0,0,20200921,20200924
517,1,1,1,1,1,0,0,20200518,20201211
518,1,1,1,0,0,0,0,20201019,20201021
519,1,1,1,1,1,0,0,20200518,20201211
520,0,0,0,1,0,0,0,20201022,20201022
521,1,1,1,0,0,0,0,20201102,20201104
522,1,1,1,1,1,0,0,20200518,20201009
523,1,1,1,1,1,0,0,20201005,20201009
524,1,1,1,1,1,0,0,20200518,20201211
525,1,1,1,1,1,0,0,20200518,20201211
526,0,0,0,0,1,0,0,20201023,20201023
527,1,1,1,1,1,0,0,20200518,20201211
528,1,1,1,1,0,0,0,20200518,20201210
529,0,0,0,0,1,0,0,20200522,20201211
530,1,1,1,1,1,0,0,20200518,20201211
531,0,1,1,1,0,0,0,20201103,20201105
532,1,1,1,1,1,0,0,20200518,20201211
533,0,1,1,1,0,0,0,20201013,20201015
534,1,1,1,1,1,0,0,20200518,20201211
535,1,1,1,1,0,0,0,20200518,20201210
536,1,1,0,1,1,0,0,20200518,20201211
537,1,0,0,1,0,0,0,20201005,20201008
538,0,1,0,0,0,0,0,20201006,20201006
539,1,0,0,0,0,0,0,20200518,20201207
540,1,0,0,0,0,0,0,20200928,20201012
541,1,0,0,0,0,0,0,20201019,20201019
542,1,0,0,0,0,0,0,20201102,20201102
543,1,0,0,0,0,0,0,20200518,20201207
544,1,0,0,0,0,0,0,20201012,20201026
545,0,0,0,0,0,0,1,20201011,20201025
546,1,1,1,1,1,0,0,20200518,20200904
547,1,1,1,1,1,0,0,20200907,20201211
548,1,1,1,1,1,0,0,20200921,20201211
549,1,1,1,1,1,0,0,20201020,20201023
550,1,1,1,1,1,0,0,20200907,20201211
551,1,1,1,1,1,0,0,20201019,20201023
552,1,1,1,1,1,0,0,20200914,20201211
553,0,1,1,1,1,0,0,20200929,20201002
554,1,1,1,1,1,0,0,20200518,20201211
555,0,1,0,0,0,0,0,20200922,20200922
556,1,1,1,1,0,0,0,20200518,20200917
557,1,1,1,1,0,0,0,20200928,20201210
558,0,0,0,0,1,0,0,20200522,20200904
559,0,0,0,0,1,0,0,20200911,20201211
560,1,1,1,1,1,0,0,20200518,20201211
561,0,0,1,0,0,0,0,20201007,20201007
562,1,1,1,1,0,0,0,20200518,20200903
563,1,1,1,1,1,0,0,20200518,20200703
564,1,1,1,1,1,0,0,20200907,20201211
565,1,0,1,1,1,0,0,20200921,20200925
566,1,1,1,1,1,0,0,20200518,20201211
567,1,1,1,1,0,0,0,20200928,20201001
568,0,1,1,1,0,0,0,20201006,20201008
569,0,0,0,0,1,0,0,20200522,20201211
570,1,1,1,1,0,0,0,20200518,20200910
571,1,1,1,1,0,0,0,20201005,20201008
572,0,1,1,1,0,0,0,20201013,20201203
573,1,0,0,0,0,0,0,20200914,20201207
574,0,1,1,1,0,0,0,20200915,20201210
575,1,1,1,1,1,0,0,20200928,20201211
576,1,1,1,1,1,0,0,20200518,20200522
577,1,1,1,1,1,0,0,20200518,20200626
578,0,0,0,0,1,0,0,20200522,20201009
579,1,1,1,1,0,0,0,20200907,20201210
580,0,0,0,0,1,0,0,20200911,20201211
581,1,1,1,1,0,0,0,20200907,20201210
582,0,0,0,0,1,0,0,20201002,20201002
583,1,1,1,1,0,0,0,20200518,20201210
584,1,1,1,1,0,0,0,20200518,20201210
585,1,1,1,1,1,0,0,20200518,20201211
586,1,1,1,1,0,0,0,20200518,20201210
587,1,1,1,1,1,1,0,20200518,20201212
588,1,1,1,1,1,0,0,20200914,20201002
589,1,0,0,0,0,0,0,20200518,20201026
590,0,0,0,0,0,0,1,20200517,20201025
591,1,1,1,1,1,0,0,20200921,20201211
592,1,1,0,1,1,0,0,20201005,20201009
593,1,1,1,1,1,0,0,20200928,20201211
594,1,1,1,1,1,0,0,20200518,20201211
595,1,0,0,0,0,0,0,20200914,20200921
596,1,1,1,0,1,0,0,20200921,20200925
597,0,0,0,0,0,1,0,20200808,20201212
598,1,0,0,0,0,0,0,20200518,20201012
599,1,1,1,1,1,0,0,20200518,20201211
600,1,1,0,0,0,0,0,20200921,20200922
601,1,0,0,0,0,0,0,20200518,20201207
602,1,1,1,1,1,1,0,20200518,20201212
603,0,0,0,0,0,1,0,20200926,20201024
604,1,1,1,1,1,0,0,20200518,20201211
605,0,1,1,1,1,1,0,20200519,20201212
606,1,1,1,1,1,0,0,20200518,20201211
607,0,1,1,1,1,0,0,20201020,20201023
608,0,1,1,1,1,0,0,20200922,20201211
609,0,0,0,0,0,1,0,20200919,20201212
610,1,1,1,1,1,1,0,20200518,20200912
611,1,1,1,1,1,1,0,20201024,20201212
612,0,0,0,0,0,1,0,20200919,20201017
613,1,1,1,1,1,0,0,20200914,20201023
614,1,1,1,1,1,1,0,20200518,20201212
615,1,1,1,1,1,0,0,20200518,20201211
616,0,1,1,1,0,0,0,20200929,20201001
617,1,1,1,1,1,0,0,20200518,20201211
618,1,1,1,1,1,1,0,20200518,20200919
619,0,0,0,0,0,1,0,20200919,20201205
620,1,1,1,1,1,1,0,20200518,20200918
621,1,1,1,1,1,1,0,20201026,20201212
622,0,0,0,0,0,1,0,20200919,20201024
623,1,1,1,1,1,0,0,20200921,20201023
624,1,1,1,1,1,1,0,20200518,20201212
625,1,0,0,0,0,0,0,20200518,20201207
626,0,1,1,1,1,0,0,20200519,20201211
627,1,1,1,1,1,0,0,20200518,20201211
628,1,1,1,1,1,0,0,20200518,20201211
629,1,1,1,1,1,1,0,20200518,20201212
630,1,1,1,1,1,0,0,20200518,20201211
631,1,1,1,1,1,1,0,20200518,20201212
632,1,1,1,1,1,0,0,20200518,20200921
633,1,0,0,0,0,0,0,20200928,20201207
634,1,1,1,0,1,0,0,20200518,20201211
635,0,1,1,1,1,1,0,20200519,20200912
636,0,1,1,1,1,1,0,20201024,20201212
637,0,1,1,1,1,0,0,20200915,20201023
638,1,1,1,1,1,1,0,20200518,20201212
639,0,0,0,0,0,1,0,20201003,20201024
640,1,1,1,1,1,0,0,20200518,20201211
641,1,1,1,1,1,1,0,20200518,20201212
642,1,1,1,1,1,1,0,20200518,20200926
643,1,1,1,1,1,0,0,20200518,20201211
644,1,1,1,0,0,0,0,20201026,20201028
645,1,1,1,1,1,0,0,20200518,20201211
646,1,1,1,1,1,1,0,20201031,20201031
647,1,1,1,1,1,1,0,20200914,20201212
648,0,0,0,0,0,1,0,20200523,20201212
649,1,1,1,1,1,1,0,20200518,20201212
650,1,1,1,1,1,1,0,20200518,20201212
651,1,1,1,1,0,1,0,20200518,20201212
652,1,1,1,1,1,1,0,20200518,20201212
653,1,1,1,1,1,1,0,20200518,20201212
654,1,1,1,1,1,1,0,20200518,20201212
655,1,1,1,0,0,0,0,20200518,20201209
656,0,0,0,1,0,0,0,20200521,20201210
657,1,1,1,1,1,1,0,20200518,20201212
658,1,1,1,1,1,1,0,20200518,20201212
659,1,1,1,1,1,0,0,20200518,20201211
660,1,1,0,0,0,0,0,20200921,20200929
661,0,0,1,1,0,0,0,20200930,20201001
662,0,1,1,1,0,0,0,20200519,20201210
663,1,1,1,1,1,1,0,20201024,20201024
664,0,0,0,0,0,1,0,20200926,20201205
665,1,1,1,1,1,1,0,20200518,20201212
666,1,1,1,1,1,0,0,20200518,20200916
667,1,1,1,0,0,0,0,20200921,20201209
668,0,0,0,1,1,0,0,20200917,20201211
669,1,1,1,1,1,0,0,20200518,20201014
670,1,1,1,1,0,0,0,20201026,20201209
671,0,0,0,0,1,0,0,20200918,20201211
672,0,0,0,1,0,0,0,20200924,20201210
673,0,1,1,1,1,1,0,20201210,20201212
674,0,0,0,1,1,1,0,20200917,20201205
675,0,1,1,0,0,0,0,20200915,20201209
676,1,1,1,1,1,0,0,20201210,20201211
677,1,0,0,1,1,0,0,20200917,20201207
678,0,1,0,0,0,0,0,20200915,20201208
679,0,0,1,0,0,0,0,20200916,20201209
680,1,1,1,1,1,0,0,20200518,20200928
681,1,1,1,1,1,0,0,20201012,20201211
682,1,1,1,0,0,0,0,20200921,20200923
683,0,0,0,1,1,0,0,20200924,20200925
684,1,1,1,1,1,1,0,20201130,20201212
685,1,1,1,1,1,0,0,20200921,20201127
686,0,0,0,0,0,1,0,20200919,20201128
687,1,1,1,1,1,0,0,20201209,20201211
688,0,0,1,1,1,0,0,20200916,20201204
689,1,1,0,0,0,0,0,20200914,20201208
690,1,1,1,1,1,0,0,20200518,20201211
691,1,1,1,1,0,0,0,20200921,20201001
692,0,0,0,0,0,1,0,20200926,20201024
693,1,1,1,1,1,1,0,20200518,20201212
694,1,1,1,1,1,0,0,20200518,20201015
695,0,0,0,0,1,0,0,20201002,20201016
696,1,1,1,1,1,0,0,20201019,20201211
697,1,1,1,0,0,0,0,20200518,20200923
698,1,1,1,1,1,0,0,20200518,20201016
699,0,0,0,0,0,1,0,20200523,20200711
700,0,0,0,0,0,1,0,20201010,20201212
701,1,1,1,1,1,1,0,20200518,20201017
702,0,0,0,0,0,1,0,20200523,20201017
703,1,1,1,1,1,0,0,20200518,20201030
704,1,1,1,1,1,0,0,20201102,20201211
705,1,1,1,1,0,0,0,20200921,20201210
706,1,1,1,1,1,0,0,20201005,20201016
707,1,1,1,1,1,0,0,20200921,20201211
708,1,1,1,1,0,0,0,20201012,20201014
709,1,1,1,1,0,0,0,20200928,20201210
710,0,0,0,1,0,0,0,20201015,20201015
711,1,1,1,1,1,0,0,20200518,20201023
712,1,1,1,1,1,0,0,20201012,20201016
713,1,1,1,1,1,0,0,20200921,20201002
714,1,1,1,1,0,0,0,20200518,20201029
715,1,1,1,1,0,0,0,20201102,20201210
716,1,1,1,1,0,0,0,20200518,20201029
717,1,1,1,1,0,0,0,20200518,20201210
718,1,1,1,1,1,0,0,20201207,20201211
719,1,1,1,1,0,0,0,20200921,20201210
720,1,0,1,0,1,0,0,20200518,20201030
721,1,0,1,0,0,0,0,20200921,20201014
722,0,0,0,0,1,0,0,20200925,20201016
723,1,0,1,0,1,0,0,20200928,20201002
724,1,0,1,0,1,0,0,20201102,20201211
725,1,1,1,1,1,0,0,20200518,20201030
726,1,1,1,1,1,0,0,20200921,20201016
727,0,0,1,1,1,0,0,20200923,20200925
728,1,0,1,0,1,0,0,20200518,20200918
729,1,0,1,0,1,0,0,20200921,20201211
730,0,0,0,0,1,0,0,20200925,20201211
731,1,1,1,1,0,0,0,20200921,20201210
732,1,0,0,0,0,0,0,20200921,20201207
733,0,1,1,1,1,0,0,20200922,20201211
734,0,0,0,0,1,0,0,20201106,20201204
735,0,0,0,0,1,0,0,20200925,20201211
736,1,1,1,1,1,0,0,20200518,20201023
737,1,1,1,1,1,0,0,20201109,20201211
738,1,1,1,1,1,0,0,20201026,20201106
739,1,1,1,1,1,0,0,20200921,20201211
740,1,1,1,1,0,0,0,20200928,20201210
741,1,1,0,0,0,0,0,20201005,20201006
742,0,0,1,1,0,0,0,20201007,20201008
743,1,1,1,1,0,0,0,20200518,20201029
744,0,0,0,1,0,0,0,20201105,20201203
745,1,1,1,0,0,0,0,20200928,20201209
746,0,0,0,1,0,0,0,20201001,20201210
747,1,1,1,1,1,0,0,20200518,20201211
748,0,1,0,0,0,0,0,20201020,20201020
749,1,1,1,1,1,0,0,20200921,20201211
750,1,0,0,0,0,0,0,20200518,20201019
751,1,0,0,0,0,0,0,20200921,20201207
752,0,1,1,1,0,0,0,20200922,20201210
753,1,1,1,1,1,0,0,20200928,20201016
754,0,0,0,1,1,0,0,20201001,20201002
755,1,0,1,0,1,0,0,20200518,20201030
756,1,0,0,0,1,0,0,20201012,20201016
757,0,0,1,0,0,0,0,20201014,20201014
758,1,0,1,0,1,0,0,20200921,20200925
759,1,0,1,0,1,0,0,20201019,20201211
760,1,0,1,0,0,0,0,20200928,20200930
761,0,1,1,1,1,0,0,20200922,20201204
762,1,1,1,1,0,0,0,20200518,20201029
763,1,0,0,1,0,0,0,20200928,20201001
764,1,0,0,1,0,0,0,20201102,20201210
765,0,1,1,0,0,0,0,20200929,20200930
766,0,1,1,0,0,0,0,20201103,20201209
767,1,1,1,1,1,0,0,20201123,20201211
768,1,1,1,1,1,0,0,20201012,20201030
769,1,1,1,1,0,0,0,20201207,20201210
770,1,1,1,1,1,0,0,20201005,20201030
771,1,1,1,1,0,0,0,20200518,20201029
772,1,1,1,1,0,0,0,20200518,20200924
773,1,0,0,0,0,0,0,20200518,20200615
774,1,0,0,0,0,0,0,20201207,20201207
775,1,1,1,0,0,1,0,20200518,20200926
776,1,1,1,1,1,1,0,20200518,20200926
777,1,1,1,1,0,1,0,20200518,20200926
778,1,1,1,1,1,0,0,20200914,20201211
779,0,1,1,1,1,0,0,20201103,20201106
780,1,1,1,1,1,0,0,20200518,20201211
781,0,1,1,1,1,0,0,20200922,20201009
782,1,1,1,1,1,0,0,20201130,20201204
783,1,1,1,1,1,0,0,20201116,20201204
784,1,1,1,1,1,0,0,20200518,20201211
785,0,0,0,0,1,0,0,20201009,20201009
786,1,1,1,1,1,0,0,20200518,20201211
787,1,1,1,1,1,0,0,20200518,20201211
788,1,0,0,0,0,0,0,20200921,20201012
789,1,1,1,1,1,0,0,20200518,20201211
790,1,0,0,0,0,0,0,20201012,20201012
791,0,1,1,1,1,0,0,20201013,20201016
792,1,1,1,1,1,0,0,20200518,20201211
793,0,1,1,1,1,0,0,20201006,20201009
794,1,1,1,1,1,0,0,20201026,20201211
795,0,0,0,0,1,0,0,20200918,20201023
796,1,1,1,1,0,0,0,20200914,20201022
797,1,1,1,1,1,0,0,20200518,20201211
798,1,1,1,1,1,0,0,20200518,20201119
799,0,1,0,0,0,0,0,20200929,20200929
800,0,0,0,0,1,0,0,20201009,20201204
801,1,0,1,1,0,0,0,20200928,20201001
802,0,0,0,0,1,0,0,20201016,20201120
803,1,1,1,1,1,0,0,20201102,20201106
804,1,1,1,1,0,0,0,20201130,20201203
805,1,1,1,1,0,0,0,20200518,20201210
806,1,1,1,0,0,0,0,20200921,20201014
807,1,1,1,0,0,0,0,20201005,20201007
808,1,1,1,1,1,0,0,20200518,20201211
809,0,0,0,0,1,0,0,20200925,20201023
810,1,1,1,1,1,0,0,20200518,20201211
811,1,1,1,0,0,0,0,20200921,20201014
812,0,1,1,0,0,0,0,20201020,20201021
813,0,1,0,0,0,0,0,20201027,20201027
814,1,1,1,1,1,0,0,20201109,20201113
815,0,1,1,0,1,0,0,20201020,20201023
816,0,0,0,1,0,0,0,20200924,20201022
817,1,0,1,1,0,0,0,20201026,20201029
818,0,0,0,0,1,0,0,20200925,20201127
819,1,0,0,1,1,0,0,20201102,20201106
820,0,1,1,0,0,0,0,20201103,20201104
821,1,1,1,1,0,0,0,20201116,20201126
822,1,1,0,0,1,0,0,20201130,20201204
823,0,0,1,1,0,0,0,20201202,20201203
824,1,1,1,1,1,0,0,20201127,20201211
825,0,0,0,0,1,0,0,20200911,20201120
826,1,1,1,1,0,0,0,20200921,20201015
827,0,0,0,0,1,0,0,20200925,20201016
828,1,0,0,1,1,0,0,20200917,20200918
829,0,0,0,1,1,0,0,20200924,20201211
830,1,1,1,1,1,0,0,20200518,20200925
831,1,1,1,1,1,0,0,20201019,20201211
832,0,0,0,1,0,0,0,20201015,20201029
833,0,1,1,1,1,0,0,20200929,20201009
834,0,1,1,1,1,0,0,20201117,20201120
835,1,1,1,0,1,0,0,20201012,20201030
836,1,0,1,1,0,0,0,20201130,20201203
837,1,0,0,0,0,0,0,20200921,20201012
838,1,1,1,1,1,0,0,20200907,20201204
839,1,0,0,0,0,0,0,20201005,20201207
840,1,0,0,0,0,0,0,20200518,20201207
841,0,1,1,1,0,0,0,20200519,20201210
842,0,0,0,0,1,0,0,20201009,20201211
843,0,0,1,1,0,0,0,20201028,20201029
844,1,0,0,0,0,0,0,20200518,20201207
845,1,0,0,0,0,0,0,20200518,20201207
846,0,0,0,0,1,0,0,20200522,20200918
847,1,1,1,1,1,0,0,20200914,20201211
848,1,0,0,0,0,0,0,20200518,20200831
849,0,1,1,1,1,0,0,20200519,20200911
850,1,0,0,0,0,0,0,20200907,20201207
851,0,1,1,1,1,0,0,20200915,20201211
852,1,1,1,1,1,0,0,20201013,20201016
853,1,0,0,0,0,0,0,20201005,20201207
854,1,0,0,0,0,0,0,20200921,20200928
855,0,1,1,1,1,0,0,20200922,20201211
856,1,1,1,1,1,0,0,20200518,20200918
857,1,1,1,1,0,0,0,20200921,20201210
858,1,1,1,1,1,0,0,20201005,20201008
859,1,1,1,1,1,0,0,20200518,20201211
860,1,1,1,1,1,0,0,20200914,20201211
861,1,1,1,1,0,0,0,20200914,20201210
862,0,1,0,1,0,0,0,20200929,20201001
863,1,1,1,1,1,0,0,20201019,20201021
864,1,1,1,1,1,0,0,20200914,20201211
865,0,0,0,1,1,0,0,20201022,20201023
866,1,0,0,0,0,0,0,20200518,20201207
867,1,0,1,1,1,0,0,20200916,20201207
868,1,0,1,1,1,0,0,20200921,20201211
869,1,1,1,1,1,0,0,20200921,20201016
870,1,1,1,0,1,0,0,20200518,20200918
871,1,1,1,0,1,0,0,20200921,20201211
872,1,1,1,0,1,0,0,20200928,20201002
873,0,0,0,0,1,0,0,20200925,20201211
874,1,1,1,1,1,0,0,20201016,20201016
875,1,0,0,0,0,0,0,20201130,20201207
876,0,1,1,1,0,0,0,20200922,20201210
877,0,0,0,0,1,0,0,20200925,20201211
878,1,0,0,0,0,0,0,20201005,20201123
879,1,1,1,1,0,0,0,20201020,20201020
880,1,1,1,1,0,0,0,20200914,20201008
881,1,1,1,1,0,0,0,20201026,20201210
882,1,0,1,1,0,0,0,20201019,20201022
883,1,1,1,1,1,0,0,20200518,20201016
884,1,1,1,1,1,0,0,20200921,20201211
885,1,0,1,0,0,0,0,20201012,20201014
886,0,1,1,1,1,0,0,20201006,20201204
887,1,0,0,0,0,0,0,20200914,20201207
888,1,0,0,0,0,0,0,20200518,20200914
889,0,1,1,1,1,0,0,20200519,20200918
890,1,0,0,0,0,0,0,20200921,20201207
891,0,1,1,1,1,0,0,20200922,20201211
892,1,1,1,1,0,0,0,20200914,20201210
893,1,1,1,1,1,0,0,20200921,20201009
894,0,0,0,0,1,0,0,20200918,20201204
895,0,1,1,1,1,0,0,20200929,20201211
896,1,1,1,1,1,0,0,20200928,20201211
897,1,1,1,1,0,0,0,20200921,20201008
898,1,1,1,1,1,0,0,20200518,20201211
899,0,0,1,0,0,0,0,20200930,20200930
900,0,1,1,0,0,0,0,20201027,20201028
901,1,1,1,1,1,0,0,20200518,20201211
902,0,0,1,0,1,0,0,20200930,20201002
903,1,1,1,1,1,0,0,20200518,20201211
904,0,0,0,1,1,0,0,20201029,20201030
905,1,1,1,1,1,0,0,20200518,20201211
906,0,0,0,0,1,0,0,20201009,20201023
907,1,1,1,1,0,0,0,20200518,20201210
908,1,1,1,1,1,0,0,20200518,20201211
909,1,1,1,1,1,0,0,20200518,20201211
910,1,1,1,1,1,0,0,20200518,20201211
911,1,1,1,0,1,0,0,20200518,20201211
912,1,1,1,1,1,0,0,20200518,20201211
913,1,1,1,1,1,0,0,20200518,20201211
914,1,1,1,1,1,0,0,20200518,20201211
915,1,1,1,1,1,0,0,20200518,20201211
916,1,1,1,1,1,0,0,20200518,20201211
917,1,1,1,1,1,0,0,20200518,20201211
918,1,1,1,1,0,0,0,20201102,20201105
919,1,1,1,1,1,0,0,20200518,20201211
920,1,1,1,1,1,0,0,20200518,20201211
921,0,1,0,0,1,0,0,20201027,20201030
922,1,1,1,1,1,0,0,20200518,20201211
923,1,1,1,1,1,0,0,20200518,20201211
924,1,1,1,1,1,0,0,20200518,20201211
925,0,1,0,1,1,0,0,20201027,20201030
926,0,0,1,0,0,0,0,20201028,20201028
927,1,1,1,1,1,0,0,20200518,20201211
928,1,1,1,1,1,0,0,20200518,20201211
929,1,1,1,1,1,0,0,20200518,20201211
930,1,1,1,1,1,0,0,20200518,20201211
931,1,1,1,1,1,0,0,20200518,20201211
932,1,1,1,1,1,0,0,20200518,20201211
933,1,1,1,1,1,0,0,20200518,20201211
934,1,1,0,0,0,0,0,20201019,20201020
935,1,1,1,1,1,0,0,20200518,20201211
936,1,1,1,1,1,0,0,20200518,20201211
937,1,0,0,0,0,0,0,20200518,20201207
938,1,1,1,1,1,0,0,20200518,20201211
939,1,1,1,1,1,0,0,20200518,20201211
940,0,1,1,1,1,0,0,20200922,20201016
941,1,1,1,1,1,0,0,20200518,20201211
942,1,1,1,1,1,0,0,20200518,20201211
943,1,0,0,0,0,0,0,20201012,20201102
944,1,0,0,0,0,0,0,20201012,20201130
945,0,1,1,1,1,0,0,20200519,20201211
946,0,1,1,1,1,0,0,20201110,20201113
947,1,1,1,1,1,1,0,20200518,20201212
948,1,1,0,0,0,0,0,20200518,20200707
949,1,1,1,1,1,1,0,20200518,20200905
950,0,0,0,0,0,1,0,20200912,20201205
951,0,1,1,1,1,1,0,20200519,20201017
952,0,1,1,1,1,0,0,20200519,20201211
953,0,1,1,0,0,0,0,20200922,20200923
954,1,1,1,1,1,1,0,20200518,20201212
955,1,1,1,1,1,1,0,20201010,20201212
956,0,0,0,0,0,1,0,20200919,20201003
957,1,1,1,1,1,0,0,20200914,20201023
958,0,0,0,0,0,1,0,20200919,20201205
959,0,0,0,0,0,1,0,20200926,20201017
960,1,1,1,1,1,1,0,20200518,20201212
961,1,1,1,1,1,1,0,20201024,20201212
962,0,0,0,0,0,1,0,20201121,20201121
963,1,1,0,0,1,0,0,20200921,20200925
964,1,0,0,0,0,0,0,20200914,20201019
965,1,1,1,1,1,0,0,20200518,20201211
966,0,1,1,1,1,0,0,20200922,20201002
967,1,0,0,0,0,0,0,20200518,20201207
968,0,1,1,1,1,0,0,20200519,20201211
969,0,1,0,0,1,0,0,20200922,20200925
970,1,0,0,0,0,0,0,20200928,20201005
971,0,1,1,1,0,0,0,20200929,20201008
972,1,1,1,1,1,0,0,20201026,20201102
973,1,0,0,0,0,0,0,20200914,20201207
974,0,1,1,1,1,0,0,20200915,20201211
975,1,1,1,1,1,1,0,20200518,20201212
976,1,1,1,1,1,1,0,20201012,20201212
977,1,1,1,1,1,0,0,20200921,20201023
978,0,0,0,0,0,1,0,20200926,20201010
979,1,1,1,1,1,1,0,20201005,20201212
980,0,0,0,0,0,1,0,20200926,20201003
981,1,1,1,1,1,1,0,20201024,20201031
982,0,0,0,0,0,1,0,20200926,20201205
983,0,0,0,0,0,1,0,20201003,20201205
984,1,1,1,1,1,0,0,20200928,20201211
985,1,1,1,0,0,0,0,20200518,20201209
986,0,0,0,1,0,0,0,20200521,20201210
987,0,0,0,1,0,0,0,20201008,20201008
988,1,1,1,1,1,1,0,20200518,20201212
989,1,1,0,1,1,0,0,20200518,20201211
990,1,1,1,1,1,1,0,20200518,20201212
991,0,0,0,0,0,1,0,20200523,20201212
992,1,1,1,1,1,1,0,20200518,20201003
993,1,1,1,1,1,0,0,20200518,20201002
994,1,1,1,1,0,0,0,20200518,20201001
995,1,1,1,1,0,1,0,20200518,20201210
996,0,0,0,0,0,1,0,20200926,20201212
997,1,1,1,1,1,1,0,20200518,20201212
998,1,1,1,1,1,1,0,20200518,20201212
999,1,1,1,1,1,1,0,20200518,20201212
1000,0,0,0,0,0,1,0,20200523,20201212
1001,1,1,0,0,0,0,0,20200928,20200929
1002,0,1,1,1,0,0,0,20200915,20201210
1003,0,0,0,0,1,0,0,20200918,20201211
1004,0,0,0,0,0,1,0,20200919,20201212
1005,0,0,0,0,0,1,0,20200523,20201212
1006,0,0,0,0,0,1,0,20201003,20201017
1007,1,1,1,1,1,1,0,20200518,20201212
1008,1,1,1,1,1,1,0,20200921,20200926
1009,1,1,1,1,1,0,0,20200518,20200529
1010,1,0,0,0,0,0,0,20200518,20201026
1011,1,0,0,0,0,0,0,20200518,20201207
1012,0,0,0,0,0,0,1,20200517,20201206
1013,1,0,0,0,0,0,0,20201005,20201116
1014,1,0,0,0,0,0,0,20200518,20201207
1015,0,0,0,0,0,0,1,20200517,20201206
1016,1,0,0,0,0,0,0,20201116,20201116
1017,1,0,0,0,0,0,0,20200518,20201207
1018,1,1,1,1,1,0,0,20201130,20201211
1019,1,1,1,1,1,0,0,20200907,20201127
1020,1,1,1,1,1,0,0,20201102,20201113
1021,1,1,1,1,1,0,0,20200907,20200925
1022,1,1,1,1,1,0,0,20200518,20201113
1023,1,0,0,0,0,0,0,20200518,20201207
1024,1,1,1,1,0,0,0,20200518,20201210
1025,0,0,0,0,1,0,0,20200522,20201211
1026,0,0,0,0,1,0,0,20201016,20201016
1027,1,1,1,1,1,0,0,20200518,20201211
1028,1,1,1,1,1,0,0,20200921,20201211
1029,1,1,1,1,1,0,0,20200518,20201211
1030,1,1,1,1,1,0,0,20200518,20201211
1031,0,1,1,1,0,0,0,20200922,20201015
1032,0,0,0,0,1,0,0,20200925,20201106
1033,0,0,0,0,1,0,0,20201002,20201030
1034,1,1,1,1,1,0,0,20200518,20201211
1035,1,1,1,1,1,0,0,20200518,20201211
1036,0,1,0,1,0,0,0,20201013,20201015
1037,1,1,1,1,1,0,0,20200518,20201211
1038,1,0,0,0,0,0,0,20200518,20201207
1039,1,1,1,1,1,0,0,20200518,20201211
1040,1,1,1,1,1,0,0,20200518,20201211
1041,1,1,1,1,1,0,0,20200518,20201211
1042,1,1,1,1,1,0,0,20200518,20201023
1043,1,1,1,1,1,0,0,20200518,20201211
1044,1,1,1,1,1,0,0,20200518,20201211
1045,1,1,0,1,0,0,0,20201019,20201022
1046,1,1,1,1,0,0,0,20200518,20201210
1047,1,1,1,1,1,0,0,20200518,20201211
1048,1,1,1,1,1,0,0,20200518,20201211
1049,1,1,1,1,1,0,0,20200518,20201211
1050,1,1,1,1,1,0,0,20200518,20201211
1051,1,1,1,1,1,0,0,20200518,20201211
1052,0,1,0,0,0,0,0,20200929,20201013
1053,1,1,1,1,1,0,0,20200518,20201211
1054,1,1,1,1,1,0,0,20200518,20201211
1055,1,1,1,1,1,0,0,20200518,20201211
1056,1,1,1,1,0,0,0,20200928,20201015
1057,1,1,1,1,1,0,0,20200518,20201211
1058,1,1,1,1,1,0,0,20200518,20201211
1059,1,1,1,1,1,0,0,20200518,20201211
1060,1,1,1,1,1,0,0,20200518,20201211
1061,1,1,1,1,1,0,0,20200518,20201211
1062,0,1,0,1,0,0,0,20200922,20200924
1063,1,1,1,1,1,0,0,20200518,20201211
1064,1,1,1,1,1,0,0,20200518,20201211
1065,1,1,1,1,0,0,0,20201012,20201029
1066,1,1,1,1,1,0,0,20200518,20201211
1067,0,1,1,1,1,0,0,20200519,20201211
1068,0,1,1,1,1,0,0,20200929,20201030
1069,1,1,1,1,1,0,0,20200518,20201211
1070,1,0,0,0,0,0,0,20201109,20201109
1071,1,1,1,1,1,0,0,20200518,20201211
1072,1,0,0,0,0,0,0,20200928,20201026
1073,1,1,1,1,1,0,0,20200518,20201211
1074,1,1,1,1,0,0,0,20200518,20201210
1075,0,0,0,0,1,0,0,20200911,20201211
1076,1,1,1,1,1,0,0,20200518,20201211
1077,1,0,1,1,0,0,0,20201102,20201105
1078,1,1,1,1,1,0,0,20200518,20201211
1079,1,0,0,0,0,0,0,20201012,20201019
1080,1,1,1,1,1,0,0,20200518,20201211
1081,1,1,1,1,1,0,0,20200518,20201211
1082,1,1,1,1,1,0,0,20200518,20201211
1083,1,1,1,1,1,0,0,20200518,20201211
1084,0,1,1,1,1,0,0,20200908,20201204
1085,1,0,0,0,0,0,0,20200907,20201207
1086,0,1,1,1,1,0,0,20200908,20201211
1087,1,1,1,1,0,0,0,20201005,20201022
1088,1,1,1,1,0,0,0,20200914,20200924
1089,1,1,1,1,0,0,0,20201012,20201210
1090,1,1,1,1,0,0,0,20201022,20201022
1091,1,1,1,1,0,0,0,20200907,20201210
1092,1,1,1,1,1,0,0,20201022,20201022
1093,1,1,1,0,1,0,0,20201019,20201023
1094,1,1,0,1,1,0,0,20200907,20201211
1095,0,0,1,0,0,0,0,20200909,20201209
1096,1,0,1,1,1,0,0,20200907,20201211
1097,0,1,0,0,0,0,0,20200908,20201208
1098,1,1,1,1,1,0,0,20200907,20201211
1099,1,1,1,1,1,0,0,20201019,20201019
1100,1,1,1,1,1,0,0,20200907,20201211
1101,1,1,0,1,1,0,0,20200928,20201002
1102,1,1,1,1,0,0,0,20201029,20201029
1103,1,1,1,1,0,0,0,20201126,20201126
1104,1,1,1,1,0,0,0,20200921,20201210
1105,1,1,1,0,0,0,0,20201123,20201125
1106,1,1,1,1,1,0,0,20200518,20201211
1107,1,1,0,1,0,0,0,20200928,20201001
1108,1,1,1,1,1,0,0,20200518,20201023
1109,1,1,0,0,0,0,0,20200518,20200915
1110,0,0,0,1,0,0,0,20200521,20200917
1111,0,0,0,1,0,0,0,20200924,20201210
1112,1,1,0,0,0,0,0,20200928,20201208
1113,1,1,0,1,0,0,0,20200518,20201210
1114,1,0,0,0,0,0,0,20201005,20201019
1115,1,1,1,1,0,0,0,20200518,20201210
1116,0,0,0,0,1,0,0,20200522,20201211
1117,1,1,1,1,0,0,0,20201012,20201210
1118,0,1,0,1,0,0,0,20201006,20201008
1119,1,1,1,1,1,0,0,20200518,20201211
1120,1,1,1,1,1,0,0,20201005,20201211
1121,1,1,1,1,1,0,0,20201009,20201211
1122,1,0,0,1,1,0,0,20200518,20201211
1123,1,0,0,1,1,0,0,20200921,20200925
1124,1,1,1,1,1,0,0,20201009,20201211
1125,1,0,0,1,1,0,0,20201005,20201211
1126,1,1,1,1,1,0,0,20200518,20201211
1127,1,0,0,0,0,0,0,20201005,20201207
1128,1,0,0,0,0,0,0,20200518,20201207
1129,1,0,0,0,1,0,0,20201009,20201211
1130,1,1,1,1,1,0,0,20200518,20201211
1131,1,0,0,0,0,0,0,20200518,20201207
1132,1,1,1,1,1,0,0,20200518,20201211
1133,1,1,1,1,1,0,0,20200518,20201211
1134,1,1,1,1,1,0,0,20200518,20201211
1135,1,1,1,1,1,0,0,20200518,20201211
1136,1,1,1,1,1,0,0,20200518,20201211
1137,1,0,0,1,1,0,0,20200518,20201211
1138,1,0,1,0,1,0,0,20200518,20201211
1139,1,0,1,0,0,0,0,20201005,20201007
1140,1,1,1,1,1,0,0,20200518,20201211
1141,1,1,1,1,1,0,0,20200518,20201211
1142,1,1,0,1,1,0,0,20201005,20201211
1143,1,1,1,1,1,0,0,20200518,20201211
1144,1,1,1,0,0,0,0,20201012,20201014
1145,1,1,1,1,1,0,0,20200518,20201211
1146,1,1,1,1,1,0,0,20200518,20201211
1147,1,0,0,0,0,0,0,20200518,20201207
1148,1,0,1,0,0,0,0,20200518,20201209
1149,1,0,1,0,0,0,0,20201019,20201021
1150,1,1,1,1,1,0,0,20200518,20201211
1151,1,1,1,1,1,0,0,20200518,20201211
1152,0,0,0,0,1,0,0,20200925,20201009
1153,1,1,1,1,1,0,0,20200518,20201211
1154,1,1,1,1,1,0,0,20200518,20201211
1155,1,0,0,1,1,0,0,20200518,20201211
1156,1,1,1,1,1,0,0,20200518,20201211
1157,0,1,0,0,0,0,0,20201013,20201013
1158,1,1,1,1,0,0,0,20200518,20201210
1159,1,1,0,0,0,0,0,20200518,20201208
1160,1,0,0,0,0,0,0,20200518,20201207
1161,1,0,0,0,0,0,0,20200518,20201207
1162,1,1,1,1,1,0,0,20200518,20201211
1163,0,0,0,0,1,0,0,20201016,20201023
1164,1,1,0,1,1,0,0,20200518,20201211
1165,1,0,0,0,0,0,0,20200921,20201019
1166,0,1,0,1,1,0,0,20201006,20201009
1167,1,1,0,1,0,0,0,20200518,20201210
1168,1,1,1,1,1,0,0,20200518,20201211
1169,1,1,1,1,1,0,0,20200518,20201211
1170,1,1,1,1,1,0,0,20200518,20201211
1171,1,1,1,1,1,0,0,20200518,20201211
1172,1,1,1,1,1,0,0,20200518,20201211
1173,1,1,1,1,1,0,0,20200921,20201009
1174,0,0,0,0,1,0,0,20201106,20201106
1175,1,0,0,0,0,0,0,20200518,20201207
1176,0,1,1,1,0,0,0,20201027,20201029
1177,0,0,0,0,1,0,0,20201016,20201030
1178,1,1,1,1,1,0,0,20200518,20201211
1179,0,0,0,0,1,0,0,20201009,20201030
1180,1,1,1,1,1,0,0,20200518,20201211
1181,0,0,1,0,0,0,0,20200930,20201028
1182,0,0,1,0,0,0,0,20200930,20201014
1183,1,1,1,1,1,0,0,20200518,20201211
1184,1,1,0,1,0,0,0,20201026,20201029
1185,1,0,1,1,0,0,0,20201005,20201008
1186,0,0,1,0,0,0,0,20201014,20201021
1187,1,1,1,1,1,0,0,20200518,20201211
1188,1,1,0,0,0,0,0,20201012,20201013
1189,1,1,1,1,1,0,0,20200518,20201211
1190,1,1,1,1,0,0,0,20200928,20201029
1191,1,1,1,1,1,0,0,20200518,20201211
1192,0,0,0,1,1,0,0,20201015,20201016
1193,1,1,1,1,1,0,0,20200518,20201211
1194,1,1,1,1,1,0,0,20200928,20201009
1195,1,1,1,1,1,0,0,20200518,20201211
1196,1,1,1,1,1,0,0,20200518,20201211
1197,1,1,0,0,0,0,0,20201026,20201027
1198,1,1,1,1,1,0,0,20201019,20201211
1199,1,0,0,0,0,0,0,20200518,20201207
1200,1,1,0,1,1,0,0,20200921,20200925
1201,1,0,0,0,1,0,0,20200921,20200925
1202,1,1,1,1,1,0,0,20200518,20201211
1203,0,0,0,0,1,0,0,20201002,20201030
1204,1,1,1,1,1,0,0,20200518,20201211
1205,1,1,1,1,1,0,0,20200518,20201211
1206,1,1,1,1,1,0,0,20200518,20201211
1207,1,1,1,1,1,0,0,20200518,20201211
1208,1,1,1,1,1,0,0,20200907,20201002
1209,1,1,1,1,0,0,0,20200907,20201001
1210,1,1,1,1,0,0,0,20201005,20201210
1211,1,1,1,1,1,0,0,20200518,20201204
1212,0,0,0,0,1,0,0,20200911,20200925
1213,0,0,0,0,1,0,0,20201009,20201204
1214,1,0,0,0,0,0,0,20200518,20200928
1215,0,1,1,1,1,0,0,20200519,20200904
1216,0,0,0,0,1,0,0,20200911,20201204
1217,0,1,1,1,0,0,0,20200908,20201210
1218,0,0,0,0,1,0,0,20200522,20201002
1219,0,0,0,0,1,0,0,20201009,20201211
1220,1,1,1,0,0,0,0,20200518,20200902
1221,0,0,0,1,0,0,0,20200521,20200903
1222,1,1,1,0,0,0,0,20200907,20201209
1223,0,0,0,1,0,0,0,20200910,20201210
1224,1,1,1,1,0,0,0,20201210,20201210
1225,0,1,1,1,1,0,0,20201006,20201211
1226,0,0,0,0,1,0,0,20200911,20201002
1227,1,1,1,1,1,0,0,20200518,20200828
1228,1,1,1,1,1,0,0,20200518,20201211
1229,1,1,1,1,0,0,1,20200517,20201210
1230,1,1,1,1,1,0,0,20200518,20201211
1231,1,0,0,0,0,0,0,20200518,20201207
1232,0,0,0,0,0,0,1,20200517,20201206
1233,1,0,0,0,0,0,0,20201123,20201123
1234,1,0,0,0,0,0,0,20200518,20201207
1235,0,0,0,0,0,0,1,20200517,20201206
1236,1,0,0,0,0,0,0,20200518,20201207
1237,0,0,0,0,0,0,1,20200517,20201206
1238,1,1,1,1,1,0,0,20200518,20200924
1239,1,0,0,0,0,0,0,20200518,20201207
1240,0,0,0,0,0,0,1,20200517,20201206
1241,1,0,0,0,0,0,0,20201130,20201130
1242,1,0,0,0,0,0,0,20200518,20201207
1243,1,0,0,0,0,0,0,20200518,20201005
1244,1,0,0,0,0,0,0,20201012,20201207
1245,1,0,0,0,0,0,0,20200518,20201207
1246,0,0,0,0,0,0,1,20200517,20201206
1247,1,0,0,0,0,0,0,20200518,20201207
1248,1,0,0,0,0,0,0,20200921,20201005
1249,1,0,0,0,0,0,0,20201102,20201116
1250,0,0,0,0,0,0,1,20201101,20201115
1251,1,0,0,0,0,0,0,20200518,20201207
1252,1,0,0,0,0,0,0,20200518,20200824
1253,1,1,0,1,0,0,0,20200921,20200924
1254,0,0,1,0,1,0,0,20200923,20200925
1255,1,1,1,1,1,0,0,20200518,20201211
1256,0,0,0,0,1,0,0,20200925,20201030
1257,1,1,1,1,1,0,0,20200518,20201009
1258,1,0,0,0,0,0,0,20200921,20201005
1259,1,1,1,1,1,0,0,20200518,20201211
1260,1,1,1,1,0,0,0,20200518,20201008
1261,1,1,1,1,1,0,0,20200518,20201009
1262,1,1,1,1,1,0,0,20200518,20201211
1263,1,1,1,1,1,0,0,20200518,20201211
1264,0,1,1,1,1,0,0,20201201,20201204
1265,1,1,1,1,1,0,0,20200518,20201211
1266,1,1,1,1,1,0,0,20200907,20201211
1267,1,1,1,1,1,0,0,20200518,20201211
1268,1,1,1,1,1,0,0,20200518,20201211
1269,0,0,0,0,1,0,0,20200918,20201204
1270,1,1,1,1,1,0,0,20201116,20201120
1271,0,0,1,1,1,0,0,20201007,20201009
1272,1,1,1,1,0,0,0,20200518,20201210
1273,0,0,0,0,1,0,0,20200522,20201211
1274,0,0,0,0,1,0,0,20201002,20201113
1275,1,1,1,1,1,0,0,20200518,20201211
1276,0,1,1,1,1,0,0,20201124,20201127
1277,1,1,1,1,1,0,0,20200518,20201211
1278,1,1,1,1,1,0,0,20200518,20201211
1279,1,1,1,1,1,0,0,20200518,20201211
1280,1,1,1,1,1,0,0,20200518,20201211
1281,1,1,1,1,0,0,0,20200518,20201210
1282,0,0,0,1,0,0,0,20200924,20201008
1283,1,1,1,1,1,0,0,20200518,20201211
1284,1,0,0,0,0,0,0,20200518,20201207
1285,0,0,0,0,0,0,1,20200517,20201206
1286,1,0,0,0,0,0,0,20201109,20201207
1287,0,0,0,0,0,0,1,20201108,20201206
1288,1,0,0,0,0,0,0,20200518,20201207
1289,0,0,0,0,0,0,1,20200517,20201206
1290,1,1,1,1,1,0,1,20200517,20201211
1291,0,0,0,0,1,0,0,20200925,20201002
1292,0,0,1,0,1,0,0,20200916,20200918
1293,0,0,1,0,1,0,0,20200930,20201211
1294,0,0,1,0,1,0,0,20201014,20201016
1295,1,0,1,0,0,0,0,20200518,20200916
1296,1,0,1,0,0,0,0,20200921,20201209
1297,1,1,1,1,1,0,0,20200518,20201016
1298,1,0,0,0,0,0,0,20200921,20201207
1299,1,1,1,1,1,1,0,20200518,20200918
1300,0,0,0,0,0,1,0,20201205,20201205
1301,0,0,0,0,1,0,0,20200925,20201204
1302,1,0,0,0,0,0,0,20200518,20200727
1303,1,1,1,1,1,0,0,20200518,20200918
1304,1,1,1,1,0,0,0,20201012,20201029
1305,0,0,0,0,1,0,0,20201211,20201211
1306,1,1,1,1,1,0,0,20200518,20201030
1307,1,1,1,1,0,0,0,20200518,20201029
1308,1,1,1,1,0,0,0,20201005,20201015
1309,1,1,1,1,0,0,0,20200928,20201008
1310,1,1,1,1,1,0,0,20201005,20201030
1311,1,1,1,1,1,0,0,20201208,20201211
1312,0,1,1,1,1,0,0,20200929,20201204
1313,1,1,1,1,1,0,0,20200518,20201023
1314,1,1,1,1,1,0,0,20200921,20201211
1315,1,1,1,1,1,0,0,20200518,20200717
1316,1,1,1,1,1,0,0,20201019,20201211
1317,1,0,0,0,0,0,0,20200518,20201207
1318,1,0,0,0,0,0,0,20200518,20200817
1319,0,1,0,0,0,0,0,20200519,20201208
1320,0,1,1,1,1,0,0,20200519,20201211
1321,0,1,1,1,1,1,0,20200519,20200919
1322,0,1,1,1,1,1,0,20201212,20201212
1323,0,1,1,0,0,0,0,20200519,20201209
1324,0,1,1,0,1,0,0,20200519,20200911
1325,0,1,1,0,1,0,0,20200915,20201211
1326,0,1,1,0,1,1,0,20200519,20201212
1327,1,1,0,1,1,0,0,20200518,20201211
1328,0,1,1,0,1,0,0,20200929,20201030
1329,1,1,0,1,0,0,0,20200928,20201029
1330,1,1,0,0,0,0,0,20201102,20201103
1331,0,0,0,0,1,0,0,20200925,20201106
1332,0,0,0,1,0,0,0,20200924,20201105
1333,0,1,1,1,1,0,0,20200519,20201211
1334,1,1,1,1,0,0,0,20200518,20201210
1335,0,1,1,1,1,1,0,20200519,20201212
1336,0,1,1,1,0,0,0,20200519,20200917
1337,0,1,1,1,0,0,0,20200922,20201210
1338,0,1,1,1,1,0,0,20201208,20201211
1339,0,1,0,1,0,0,0,20200519,20201029
1340,0,1,0,1,0,0,0,20200922,20201015
1341,0,1,0,1,0,0,0,20201103,20201210
1342,0,1,1,1,1,0,0,20200519,20201211
1343,1,0,0,0,0,0,0,20200914,20201207
1344,0,1,0,1,0,0,0,20200519,20200917
1345,0,1,0,1,0,0,0,20200922,20201210
1346,0,1,1,1,1,0,0,20200519,20201023
1347,0,1,1,1,1,0,0,20201027,20201211
1348,0,1,0,1,0,0,0,20200519,20201029
1349,0,1,0,1,0,0,0,20200922,20201210
1350,0,1,1,1,1,1,0,20200519,20200801
1351,0,1,1,1,1,1,0,20201124,20201212
1352,1,1,1,1,1,0,0,20201123,20201211
1353,0,1,1,1,1,0,0,20201013,20201211
1354,0,0,0,0,1,0,0,20200918,20200918
1355,0,1,1,1,0,0,0,20200915,20201008
1356,0,1,0,0,0,0,0,20200922,20201103
1357,0,1,1,1,0,0,0,20200917,20201001
1358,0,1,1,1,0,0,0,20201103,20201103
1359,0,1,1,1,0,0,0,20200519,20201210
1360,0,0,1,0,0,0,0,20200923,20200930
1361,0,1,1,1,0,0,0,20200519,20201210
1362,0,1,1,1,0,0,0,20200519,20201210
1363,0,1,0,0,0,0,0,20200922,20201208
1364,0,1,1,1,1,0,0,20200519,20201023
1365,0,1,1,1,1,0,0,20201110,20201211
1366,0,1,1,0,0,0,0,20201013,20201014
1367,0,1,1,1,1,0,0,20201020,20201211
1368,1,1,1,1,0,0,0,20201019,20201210
1369,0,1,1,1,1,0,0,20200519,20201211
1370,0,1,1,1,0,0,0,20200519,20201210
1371,0,1,0,0,0,0,0,20200519,20201208
1372,0,1,1,1,1,0,0,20200519,20201211
1373,0,1,1,1,1,0,0,20200519,20201211
1374,0,1,1,1,0,0,0,20201013,20201027
1375,0,1,0,0,0,0,0,20201013,20201027
1376,0,1,1,1,0,0,0,20201007,20201209
1377,0,1,1,0,0,0,0,20200519,20201021
1378,1,1,0,0,0,0,0,20200518,20201020
1379,0,1,1,0,0,0,0,20201124,20201209
1380,1,1,0,0,0,0,0,20201123,20201208
1381,0,1,1,0,0,0,0,20200519,20201209
1382,0,1,1,1,1,0,0,20200519,20200529
1383,1,1,1,1,0,0,0,20200518,20200528
1384,0,1,1,1,0,0,0,20200929,20201015
1385,1,1,1,0,0,0,0,20200928,20201014
1386,0,1,1,1,1,0,0,20200519,20201211
1387,1,1,1,1,0,0,0,20200518,20201210
1388,0,1,1,1,1,0,0,20201013,20201030
1389,0,1,1,1,1,0,0,20200519,20201211
1390,0,1,1,1,1,1,0,20200519,20201212
1391,0,1,1,1,1,0,0,20200908,20201211
1392,0,1,1,1,0,0,0,20201006,20201210
1393,0,1,1,0,0,0,0,20200519,20201209
1394,0,1,1,0,0,0,0,20201006,20201209
1395,0,1,0,0,0,0,0,20201006,20201208
1396,0,1,0,0,0,0,0,20200519,20201208
1397,0,1,0,0,0,0,0,20200519,20201208
1398,1,0,0,0,0,0,0,20200518,20201207
1399,0,1,1,0,1,1,0,20200519,20201212
1400,1,1,0,1,1,0,0,20200518,20201211
1401,0,1,0,0,1,0,0,20201006,20201009
1402,0,1,0,1,0,0,0,20200519,20201210
1403,0,0,0,1,0,0,0,20201029,20201029
1404,0,1,0,0,0,0,0,20200519,20201208
1405,0,1,0,0,0,0,0,20200519,20201208
1406,0,1,0,0,1,0,0,20200519,20201211
1407,1,0,0,1,0,0,0,20200518,20201210
1408,0,1,0,0,1,0,0,20200929,20201030
1409,1,0,0,1,0,0,0,20200928,20201029
1410,0,1,1,0,1,1,0,20200519,20201212
1411,1,1,0,1,1,0,0,20200518,20201211
1412,0,1,1,1,1,1,0,20200519,20201212
1413,1,1,1,1,1,0,0,20200518,20201211
1414,0,0,0,1,0,0,0,20201001,20201029
1415,0,0,1,0,0,0,0,20200930,20201028
1416,0,0,0,1,0,0,0,20201001,20201015
1417,0,1,1,0,1,0,0,20201027,20201030
1418,0,1,1,0,1,0,0,20200929,20201002
1419,0,1,1,1,1,1,0,20200519,20201212
1420,1,1,1,1,1,0,0,20200518,20201211
1421,0,0,0,1,0,0,0,20201001,20201105
1422,0,0,1,0,0,0,0,20200930,20201104
1423,0,1,1,1,1,1,0,20200519,20201212
1424,1,1,1,1,1,0,0,20200518,20201211
1425,0,0,0,0,0,1,0,20201017,20201031
1426,0,1,1,1,1,0,0,20200519,20201002
1427,0,1,1,1,0,0,0,20201006,20201210
1428,1,1,1,0,0,0,0,20201005,20201209
1429,0,0,0,1,0,0,0,20201008,20201210
1430,0,0,0,0,0,1,0,20200523,20200725
1431,0,0,0,0,1,0,0,20200522,20200724
1432,0,0,0,0,0,1,0,20201003,20201212
1433,0,0,0,0,1,0,0,20201002,20201211
1434,0,1,1,1,1,0,0,20200519,20201211
1435,1,1,1,1,0,0,0,20200518,20201210
1436,1,1,0,0,0,0,0,20200518,20201208
1437,0,1,1,0,0,0,0,20201006,20201007
1438,0,0,0,1,1,0,0,20201008,20201009
1439,0,1,1,1,1,0,0,20200519,20201211
1440,1,1,1,1,0,0,0,20200518,20201210
1441,0,1,1,1,1,1,0,20201017,20201031
1442,1,1,1,1,1,0,0,20201016,20201030
1443,0,1,1,1,1,1,0,20201205,20201212
1444,1,1,1,1,1,0,0,20201204,20201211
1445,0,0,0,0,1,0,0,20201002,20201009
1446,0,1,1,1,1,1,0,20200519,20200530
1447,0,1,1,1,1,1,0,20201017,20201017
1448,0,1,1,1,1,1,0,20201107,20201107
1449,1,1,1,1,1,0,0,20201106,20201106
1450,0,0,0,0,0,1,0,20201003,20201031
1451,0,0,0,0,1,0,0,20201002,20201030
1452,0,1,1,1,1,0,0,20201124,20201211
1453,0,1,1,1,1,1,0,20200519,20200711
1454,0,1,1,1,1,1,0,20201208,20201212
1455,0,1,1,1,1,1,0,20200519,20200620
1456,1,1,1,1,1,0,0,20200518,20200619
1457,0,1,1,1,1,1,0,20201020,20201212
1458,0,0,1,0,0,0,0,20200520,20201209
1459,0,0,1,0,0,0,0,20200520,20201209
1460,0,0,1,1,1,0,0,20200923,20201002
1461,0,0,1,1,1,0,0,20201104,20201104
1462,0,0,1,1,1,0,0,20201007,20201007
1463,0,0,1,0,0,0,0,20200520,20200902
1464,0,0,1,0,0,0,0,20200520,20200916
1465,0,0,1,0,0,0,0,20200923,20201209
1466,0,0,1,0,0,0,0,20201014,20201209
1467,0,0,1,0,0,0,0,20200520,20201209
1468,0,0,1,0,0,0,0,20200520,20201209
1469,0,0,1,0,0,0,0,20200520,20201209
1470,0,0,1,0,0,0,0,20201014,20201028
1471,0,0,1,0,0,0,0,20201007,20201209
1472,0,1,0,0,0,0,0,20200519,20201208
1473,0,0,1,0,0,0,0,20200930,20201028
1474,0,1,0,0,0,0,0,20200929,20201027
1475,0,0,0,1,1,0,0,20200521,20201211
1476,0,0,1,1,0,0,0,20200520,20201210
1477,0,0,0,1,0,0,0,20200521,20200910
1478,0,0,0,1,0,0,0,20200917,20201210
1479,0,0,0,1,0,0,0,20200521,20201210
1480,0,0,1,0,0,0,0,20200520,20201209
1481,0,0,0,1,0,0,0,20201105,20201105
1482,0,0,1,0,0,0,0,20201104,20201104
1483,0,0,0,1,1,0,0,20200521,20200925
1484,0,0,0,1,0,0,0,20200924,20201210
1485,0,0,0,1,0,0,0,20200917,20201210
1486,0,0,0,1,0,0,0,20200521,20201210
1487,0,0,0,1,1,0,0,20200521,20201023
1488,0,0,1,1,0,0,0,20200520,20201022
1489,0,0,0,1,1,0,0,20201126,20201211
1490,0,0,1,1,0,0,0,20201125,20201210
1491,0,0,0,1,1,0,0,20200521,20201211
1492,0,0,0,1,1,0,0,20200521,20200904
1493,0,0,0,1,1,0,0,20200910,20201211
1494,0,0,0,1,0,0,0,20201008,20201210
1495,0,0,0,1,0,1,0,20200521,20201212
1496,0,0,1,0,1,0,0,20200520,20201211
1497,0,0,0,1,0,0,0,20200521,20201210
1498,0,0,1,0,0,0,0,20200520,20201209
1499,0,0,0,1,0,0,0,20200521,20201210
1500,0,0,0,1,0,0,0,20200521,20201210
1501,0,0,0,1,1,0,0,20200521,20201211
1502,0,0,0,1,0,0,0,20200521,20201210
1503,0,0,1,0,0,0,0,20200520,20201209
1504,0,0,0,1,1,0,0,20200521,20201211
1505,0,0,1,1,0,0,0,20200520,20201210
1506,0,0,0,0,1,0,0,20200522,20201211
1507,0,0,0,0,1,0,0,20200522,20200925
1508,0,0,0,0,1,1,0,20200522,20201212
1509,0,0,0,0,0,1,0,20200523,20201212
1510,0,0,0,0,1,1,0,20200522,20201010
1511,0,0,0,0,1,0,0,20200522,20201211
1512,0,0,0,0,1,0,0,20200522,20201030
1513,0,0,0,0,1,0,0,20201106,20201211
1514,0,0,0,0,1,0,0,20201016,20201211
1515,0,0,0,0,1,0,0,20200522,20201016
1516,0,0,0,0,1,0,0,20200522,20201030
1517,0,0,0,0,1,0,0,20201002,20201211
1518,0,0,0,0,1,0,0,20201016,20201211
1519,0,0,0,0,1,0,0,20200522,20201030
1520,0,0,0,0,1,0,0,20201204,20201204
1521,0,0,0,0,1,0,0,20201023,20201106
1522,0,0,0,0,1,0,0,20201009,20201211
1523,0,0,0,0,1,0,0,20200522,20201127
1524,0,0,0,0,1,0,0,20201106,20201113
1525,0,0,0,0,1,0,0,20201204,20201211
1526,0,0,0,0,1,1,0,20200522,20201017
1527,0,0,0,0,1,0,0,20200522,20201211
1528,0,0,0,0,1,0,0,20200522,20200911
1529,0,0,0,0,1,0,0,20200522,20201023
1530,0,0,0,0,1,0,0,20201002,20201211
1531,0,0,0,0,1,0,0,20200918,20201211
1532,0,0,0,0,1,0,0,20200522,20201211
1533,0,0,0,0,1,0,0,20200522,20201211
1534,0,0,0,0,1,0,0,20200522,20201211
1535,0,0,0,0,1,0,0,20200522,20201211
1536,0,0,0,0,1,0,0,20200522,20201009
1537,0,0,0,0,1,0,0,20200522,20201211
1538,0,0,0,0,1,0,0,20200925,20201023
1539,0,0,0,0,1,0,0,20200522,20201030
1540,0,0,0,0,0,1,0,20200523,20200912
1541,0,0,0,0,0,1,0,20200523,20200905
1542,0,0,0,0,0,1,0,20200523,20201212
1543,0,0,0,0,0,1,0,20200523,20201212
1544,0,0,0,0,0,1,0,20200523,20201212
1545,0,0,0,0,0,1,0,20200523,20201212
1546,0,0,0,0,0,1,0,20201003,20201212
1547,0,0,0,0,0,1,0,20200523,20201212
1548,0,0,0,0,0,1,0,20201003,20201212
1549,0,0,0,0,0,1,0,20200523,20201212
1550,0,0,0,0,0,1,0,20200523,20201212
1551,0,0,0,0,0,1,0,20201031,20201212
1552,0,0,0,0,1,0,0,20201030,20201211
1553,0,0,0,0,0,1,0,20200523,20201212
1554,0,0,0,0,0,1,0,20200523,20201212
1555,0,0,0,0,0,1,0,20200523,20201212
1556,0,0,0,0,0,1,0,20200523,20201212
1557,0,0,0,0,0,1,0,20201024,20201031
1558,0,0,0,0,0,1,0,20200523,20201212
1559,0,0,0,0,0,1,0,20200523,20201212
1560,0,0,0,0,0,1,0,20200523,20201212
1561,0,0,0,0,0,1,0,20200523,20201212
1562,0,0,0,0,0,1,0,20200523,20201212
1563,0,0,0,0,0,1,0,20200523,20201212
1564,0,0,0,0,0,1,0,20200523,20201212
1565,0,0,0,0,0,1,0,20200523,20200919
1566,0,0,0,0,0,1,0,20200926,20201212
1567,0,0,0,0,0,1,0,20200523,20201212
1568,0,0,0,0,0,1,0,20200523,20201017
1569,0,0,0,0,1,0,0,20200522,20201016
1570,0,0,0,0,0,1,0,20200912,20201212
1571,0,0,0,0,1,0,0,20200911,20201211
1572,0,0,0,0,0,1,0,20200523,20200704
1573,0,0,0,0,0,1,0,20200523,20200829
1574,0,0,0,0,0,1,0,20200523,20201003
1575,0,0,0,0,0,1,0,20200919,20201212
1576,1,1,1,1,1,0,0,20200803,20201211
1577,0,0,0,0,1,0,0,20200807,20201211
1578,0,0,0,0,0,1,0,20200523,20200926
1579,0,0,0,0,0,1,0,20200523,20201212
1580,1,1,1,1,1,0,0,20200824,20201211
1581,0,0,0,0,0,1,0,20201031,20201212
1582,0,0,0,0,0,1,0,20200523,20201212
1583,0,0,0,0,0,1,0,20200523,20201212
1584,0,0,0,0,0,1,0,20201017,20201212
1585,0,0,0,0,0,1,0,20201205,20201212
1586,0,0,0,0,0,1,0,20200523,20201212
1587,0,0,0,0,0,1,0,20200926,20201128
1588,0,0,0,0,0,1,0,20200523,20201212
1589,0,0,0,0,0,1,0,20200523,20201212
1590,0,0,0,0,0,1,0,20200919,20201128
1591,0,0,0,0,0,1,0,20201031,20201128
1592,0,0,0,0,0,1,0,20200523,20201212
1593,0,0,0,0,0,1,0,20200926,20201010
1594,0,0,0,0,0,1,0,20200919,20201128
1595,0,0,0,0,0,1,0,20200523,20201212
1596,0,0,0,0,0,1,0,20200919,20201128
1597,0,0,0,0,0,1,0,20200523,20201212
1598,0,0,0,0,0,1,0,20200919,20201128
1599,0,0,0,0,0,1,0,20200523,20201212
1600,0,0,0,0,0,1,0,20200523,20201212
1601,0,0,0,0,0,1,0,20201003,20201212
1602,0,0,0,0,0,1,0,20201003,20201212
1603,0,0,0,0,1,0,0,20200522,20200710
1604,0,0,0,0,0,1,0,20200523,20200815
1605,0,0,0,0,0,1,0,20200926,20201205
1606,0,0,0,0,0,1,0,20200926,20201205
1607,0,0,0,0,0,1,0,20200919,20201128
1608,0,0,0,0,0,1,0,20200523,20200801
1609,0,0,0,0,0,1,0,20200523,20201212
1610,0,0,0,0,0,1,0,20200523,20201212
1611,0,0,0,0,0,1,0,20200926,20201024
1612,0,0,0,0,0,1,0,20201010,20201024
1613,0,0,0,0,0,1,0,20200523,20201212
1614,0,0,0,0,0,1,0,20201003,20201024
1615,0,0,0,0,0,1,0,20200926,20201024
1616,0,0,0,0,0,1,0,20200523,20201212
1617,0,0,0,0,0,1,0,20200523,20201212
1618,0,0,0,0,0,1,0,20201114,20201128
1619,0,0,0,0,0,1,0,20200523,20201212
1620,0,0,0,0,0,1,0,20201212,20201212
1621,0,0,0,0,0,1,0,20201107,20201107
1622,0,0,0,0,0,1,0,20200523,20200822
1623,0,0,0,0,0,1,0,20201107,20201212
1624,0,0,0,0,0,1,0,20201003,20201212
1625,0,0,0,0,0,1,0,20201114,20201114
1626,0,0,0,0,0,1,0,20200523,20201212
1627,0,0,0,0,0,1,0,20200926,20201031
1628,0,0,0,0,0,1,0,20200523,20201212
1629,0,0,0,0,0,1,0,20200523,20201212
1630,0,0,0,0,0,1,0,20201031,20201121
1631,0,0,0,0,0,1,0,20200523,20201212
1632,0,0,0,0,0,1,0,20201017,20201031
1633,0,0,0,0,0,1,0,20201003,20201031
1634,0,0,0,0,0,1,0,20200926,20201017
1635,0,0,0,0,0,1,0,20200926,20201031
1636,0,0,0,0,0,1,0,20200523,20201212
1637,0,0,0,0,0,1,0,20200926,20201024
1638,0,0,0,0,0,1,0,20200523,20201212
1639,0,0,0,0,1,0,0,20200522,20201211
1640,0,0,0,0,0,1,0,20200926,20201017
1641,0,0,0,0,0,1,0,20200523,20201212
1642,0,0,0,0,0,1,0,20201010,20201121
1643,0,0,0,0,0,1,0,20200523,20201212
1644,0,0,0,0,0,1,0,20200523,20201003
1645,0,0,0,0,0,1,0,20200523,20201212
1646,0,0,0,0,0,1,0,20200523,20201212
1647,0,0,0,0,0,1,0,20200523,20201212
1648,0,0,0,0,0,1,0,20201003,20201031
1649,0,0,0,0,0,1,0,20200523,20201212
1650,0,0,0,0,0,1,0,20200523,20201212
1651,0,0,0,0,0,1,0,20200523,20201212
1652,0,0,0,0,0,1,0,20200523,20201212
1653,0,0,0,0,0,1,0,20200523,20201212
1654,0,0,0,0,0,1,0,20200523,20201212
1655,0,0,0,0,0,1,0,20200523,20201212
1656,0,0,0,0,0,1,0,20200523,20201212
1657,0,0,0,0,0,1,0,20200523,20200808
1658,0,0,0,0,0,1,0,20201024,20201212
1659,0,0,0,0,0,1,0,20200523,20201212
1660,0,0,0,0,0,1,0,20201010,20201212
1661,0,0,0,0,0,1,0,20201107,20201212
1662,0,0,0,0,0,1,0,20200523,20201212
1663,0,0,0,0,0,1,0,20200523,20201212
1664,0,0,0,0,0,1,0,20200523,20201212
1665,0,0,0,0,0,1,0,20200523,20201212
1666,0,0,0,0,0,1,0,20200926,20201031
1667,0,0,0,0,0,1,0,20200523,20201212
1668,0,0,0,0,0,1,0,20200523,20201212
1669,0,0,0,0,0,1,0,20200523,20201212
1670,0,0,0,0,0,1,0,20200523,20201212
1671,0,0,0,0,0,1,0,20200523,20201212
1672,0,0,0,0,0,1,0,20200523,20201212
1673,0,0,0,0,0,1,0,20200523,20201212
1674,0,0,0,0,0,1,0,20201010,20201031
1675,0,0,0,0,0,1,0,20200523,20201212
1676,0,0,0,0,0,1,0,20201024,20201212
1677,0,0,0,0,1,0,0,20201023,20201211
1678,0,0,0,0,1,0,0,20200522,20201211
1679,0,0,0,0,1,0,0,20200522,20201211
1680,0,0,0,0,0,1,0,20201003,20201031
1681,0,0,0,0,0,1,0,20200523,20201212
1682,0,0,0,0,0,1,0,20201003,20201212
1683,0,0,0,0,0,1,0,20201003,20201212
1684,0,0,0,0,0,1,0,20200523,20201212
1685,0,0,0,0,0,1,0,20200523,20201212
1686,0,0,0,0,0,1,0,20200523,20201212
1687,0,0,0,0,0,1,0,20201017,20201212
1688,0,0,0,0,0,1,0,20200523,20201003
1689,0,0,0,0,0,1,0,20200523,20201212
1690,0,0,0,0,1,0,0,20200522,20201211
1691,0,0,0,0,0,1,0,20200523,20201010
1692,0,0,0,0,0,1,0,20200523,20201010
1693,0,0,0,0,0,1,0,20200523,20201010
1694,0,0,0,0,0,1,0,20200523,20201212
1695,0,0,0,0,0,1,0,20200523,20201010
1696,0,0,0,0,0,1,0,20201017,20201212
1697,0,0,0,0,0,1,0,20200523,20201212
1698,0,0,0,0,0,1,0,20201003,20201024
1699,0,0,0,0,0,1,0,20200523,20201212
1700,0,0,0,0,0,1,0,20201010,20201024
1701,0,0,0,0,0,1,0,20200523,20201212
1702,0,0,0,0,0,1,0,20201010,20201212
1703,0,0,0,0,0,1,0,20200523,20201212
1704,0,0,0,0,0,1,0,20201003,20201212
1705,0,0,0,0,0,1,0,20200523,20201212
1706,0,0,0,0,0,1,0,20200523,20201212
1707,0,0,0,0,1,0,0,20200522,20201211
1708,0,0,0,0,0,1,0,20200523,20201212
1709,0,0,0,0,1,0,0,20200522,20201211
1710,0,0,0,0,0,1,0,20201003,20201212
1711,0,0,0,0,0,1,0,20200523,20201212
1712,0,0,0,0,0,1,0,20200523,20200530
1713,0,0,0,0,0,1,0,20200926,20201128
1714,0,0,0,0,0,1,0,20200919,20201128
1715,0,0,0,0,0,1,0,20201017,20201212
1716,0,0,0,0,0,1,0,20201017,20201205
1717,0,0,0,0,0,1,0,20201003,20201212
1718,0,0,0,0,0,1,0,20201010,20201031
1719,1,1,1,1,1,1,0,20200525,20201212
1720,0,0,0,0,0,0,1,20200531,20201206
1721,1,1,1,1,0,0,0,20200601,20200917
1722,0,0,0,0,1,0,0,20200605,20200918
1723,0,0,0,0,0,0,1,20200607,20201206
1724,0,0,0,0,0,1,0,20200613,20200912
1725,1,0,0,0,0,0,0,20200615,20201207
1726,1,1,1,1,1,0,0,20200615,20201211
1727,0,0,0,0,0,0,1,20200621,20201206
1728,1,0,0,0,0,0,0,20200622,20201207
1729,0,0,0,0,0,1,0,20200627,20201212
1730,0,0,0,0,0,0,1,20200628,20201206
1731,0,0,0,0,0,0,1,20200628,20201206
1732,0,0,0,0,0,0,1,20200628,20201206
1733,0,0,0,0,0,0,1,20200628,20201206
1734,0,0,0,0,0,0,1,20200628,20201115
1735,0,0,0,0,0,0,1,20200628,20201025
1736,0,0,0,0,0,0,1,20200705,20201206
1737,1,1,1,1,0,0,0,20200706,20201210
1738,0,0,0,0,1,0,0,20200710,20201211
1739,1,1,1,1,1,0,0,20200706,20201211
1740,1,1,1,1,1,0,0,20200706,20201211
1741,1,1,1,1,1,0,0,20200706,20201211
1742,1,1,1,1,1,0,0,20200706,20201211
1743,1,1,1,1,1,0,0,20200706,20201023
1744,0,0,0,0,1,0,0,20200918,20200925
1745,1,1,1,1,1,0,0,20200706,20201211
1746,1,1,1,1,1,0,0,20200706,20201211
1747,1,1,1,1,1,0,0,20200706,20201211
1748,1,1,1,1,0,0,0,20200706,20201210
1749,1,1,1,1,1,0,0,20200706,20201211
1750,1,1,1,1,1,0,0,20200706,20201211
1751,1,1,1,1,1,0,0,20200706,20201211
1752,1,0,0,0,0,0,0,20200706,20201207
1753,1,1,1,1,1,0,0,20200706,20201211
1754,1,1,1,1,1,0,0,20200706,20201211
1755,0,1,1,1,1,0,0,20200707,20201211
1756,1,1,1,1,1,0,0,20200706,20201030
1757,1,1,1,1,1,0,0,20200706,20201211
1758,1,1,1,1,1,0,0,20200706,20201030
1759,1,1,1,1,1,0,0,20200706,20201023
1760,1,1,1,1,1,0,0,20200706,20201023
1761,1,1,1,1,1,0,0,20200706,20201023
1762,1,1,1,1,1,0,0,20200706,20201211
1763,1,1,1,1,0,0,0,20200706,20201210
1764,1,1,0,1,0,0,0,20201012,20201015
1765,1,0,0,0,0,0,0,20200706,20201207
1766,1,0,0,0,0,0,0,20201026,20201102
1767,1,1,1,1,1,0,0,20200706,20200914
1768,0,1,1,1,1,0,0,20200915,20200925
1769,1,1,1,1,1,0,0,20200706,20201211
1770,1,1,1,1,1,0,0,20200706,20201211
1771,1,1,1,1,1,0,0,20200706,20201211
1772,1,1,1,1,0,0,0,20200706,20201210
1773,1,1,1,1,1,0,0,20200706,20201211
1774,1,1,1,1,0,0,0,20201005,20201210
1775,1,1,1,1,1,0,0,20200706,20200918
1776,1,1,1,1,1,0,0,20201005,20201211
1777,1,1,1,1,0,0,0,20200706,20201210
1778,1,1,1,1,0,0,0,20200706,20201210
1779,1,1,1,1,1,0,0,20200706,20201030
1780,1,1,1,1,0,0,0,20200706,20201210
1781,1,1,1,1,1,0,0,20200706,20201211
1782,1,1,1,1,1,0,0,20200706,20201211
1783,1,0,0,0,0,0,0,20200706,20201207
1784,1,1,1,1,1,0,0,20200706,20201211
1785,1,1,1,1,1,0,0,20200706,20200911
1786,1,1,1,1,0,0,0,20201026,20201105
1787,1,1,1,1,1,0,0,20200706,20201211
1788,1,1,1,1,0,0,0,20200706,20201210
1789,1,1,1,1,1,0,0,20200706,20201211
1790,1,0,1,1,1,0,0,20200928,20201002
1791,0,1,0,1,0,0,0,20201027,20201029
1792,1,1,1,1,1,0,0,20200706,20201211
1793,1,1,1,1,0,0,0,20200706,20201210
1794,1,1,1,1,1,0,0,20200706,20201211
1795,1,1,1,1,1,0,0,20200706,20201211
1796,1,0,0,0,1,0,0,20200914,20200925
1797,1,1,1,1,1,0,0,20200706,20201211
1798,1,1,1,1,1,0,0,20200706,20201211
1799,1,1,1,1,1,0,0,20200706,20201211
1800,1,1,1,1,0,0,0,20200706,20201210
1801,1,1,1,1,1,0,0,20200706,20201023
1802,1,1,1,1,0,0,0,20200706,20201210
1803,0,0,0,0,1,0,0,20200710,20201211
1804,0,0,0,0,1,0,0,20201030,20201106
1805,1,1,1,1,0,0,0,20200706,20201022
1806,1,1,1,1,0,0,0,20201109,20201210
1807,1,1,1,1,0,0,0,20200706,20201210
1808,1,1,1,1,1,0,0,20200706,20201211
1809,1,1,1,1,1,0,0,20200706,20201211
1810,1,1,1,1,1,0,0,20200706,20201211
1811,1,1,1,1,1,0,0,20200706,20201023
1812,1,1,1,1,0,0,0,20200706,20201001
1813,1,1,1,1,0,0,0,20200706,20201210
1814,1,1,1,1,0,0,0,20201012,20201022
1815,1,1,1,1,0,0,0,20200706,20200917
1816,1,1,1,1,0,0,0,20200706,20201210
1817,1,1,1,1,0,0,0,20200706,20201210
1818,1,1,1,1,1,0,0,20200706,20201211
1819,0,1,1,1,1,0,0,20200707,20201023
1820,1,1,1,1,1,0,0,20200706,20201023
1821,1,1,1,1,1,0,0,20200706,20201211
1822,0,1,1,1,1,0,0,20200707,20201211
1823,0,1,1,1,1,0,0,20200707,20201211
1824,0,1,1,1,1,0,0,20201027,20201106
1825,0,1,1,1,1,1,0,20200707,20201212
1826,1,1,1,1,1,0,0,20200706,20201211
1827,0,1,1,1,1,0,0,20200707,20201211
1828,0,0,0,0,1,0,0,20200710,20201211
1829,0,0,0,0,1,0,0,20200710,20201211
1830,0,0,0,0,1,0,0,20200710,20201211
1831,0,0,0,0,1,0,0,20200710,20201211
1832,0,0,0,0,1,0,0,20200710,20201211
1833,0,0,0,0,1,0,0,20200710,20201211
1834,0,0,0,0,0,1,0,20200711,20201212
1835,0,0,0,0,0,1,0,20200711,20201212
1836,0,0,0,0,0,1,0,20200711,20201212
1837,0,0,0,0,0,1,0,20200711,20201212
1838,0,0,0,0,0,1,0,20200711,20201212
1839,0,0,0,0,0,1,0,20200711,20201212
1840,0,0,0,0,0,1,0,20200711,20201212
1841,0,0,0,0,0,1,0,20200711,20201212
1842,0,0,0,0,0,1,0,20200711,20201212
1843,0,0,0,0,0,1,0,20200711,20201212
1844,0,0,0,0,0,1,0,20200711,20201212
1845,0,0,0,0,0,1,0,20200711,20201212
1846,0,0,0,0,0,1,0,20200711,20201212
1847,0,0,0,0,0,1,0,20200711,20201212
1848,0,0,0,0,0,1,0,20200711,20201212
1849,0,0,0,0,0,1,0,20200711,20201212
1850,0,0,0,0,0,1,0,20200711,20201212
1851,0,0,0,0,0,1,0,20200711,20201212
1852,0,0,0,0,0,1,0,20200711,20201212
1853,0,0,0,0,0,1,0,20200711,20201212
1854,0,0,0,0,0,1,0,20200711,20201212
1855,0,0,0,0,0,1,0,20200711,20201212
1856,0,0,0,0,0,1,0,20200711,20201212
1857,0,0,0,0,0,1,0,20200711,20201212
1858,0,0,0,0,0,1,0,20200711,20201212
1859,0,0,0,0,0,1,0,20200711,20201212
1860,0,0,0,0,0,1,0,20200711,20201212
1861,0,0,0,0,0,0,1,20200712,20201206
1862,0,0,0,0,0,0,1,20200712,20201206
1863,0,0,0,0,0,0,1,20200712,20201206
1864,0,0,0,0,0,0,1,20200712,20201206
1865,0,0,0,0,0,0,1,20200712,20201206
1866,0,0,0,0,0,0,1,20200712,20201206
1867,0,0,0,0,0,0,1,20200712,20201206
1868,0,0,0,0,0,0,1,20200712,20201206
1869,0,0,0,0,0,0,1,20200712,20201206
1870,0,0,0,0,0,0,1,20201018,20201122
1871,0,0,0,0,0,0,1,20200712,20201206
1872,0,0,0,0,0,0,1,20200712,20201206
1873,0,0,0,0,0,0,1,20200712,20201206
1874,0,0,0,0,0,0,1,20200712,20201206
1875,0,0,0,0,0,0,1,20200712,20201206
1876,0,0,0,0,0,0,1,20200712,20201206
1877,0,0,0,0,0,0,1,20200712,20201206
1878,0,0,0,0,0,0,1,20200712,20201206
1879,0,0,0,0,0,0,1,20200712,20201206
1880,0,0,0,0,0,0,1,20200712,20201206
1881,0,0,0,0,0,0,1,20200712,20201206
1882,0,0,0,0,0,0,1,20201004,20201025
1883,1,1,1,1,1,0,0,20200713,20201030
1884,0,0,0,0,0,0,1,20200726,20201018
1885,1,1,1,1,1,1,0,20200727,20201212
1886,0,0,0,0,0,0,1,20200802,20201206
1887,0,0,0,0,0,0,1,20200802,20201206
1888,1,1,1,1,1,1,0,20200803,20201212
1889,1,0,0,0,0,0,0,20200803,20201207
1890,0,1,1,1,1,0,0,20200804,20201211
1891,1,1,1,1,0,0,0,20200803,20201210
1892,1,1,1,1,1,0,0,20200803,20200911
1893,0,1,1,1,1,0,0,20200915,20201204
1894,1,1,1,0,0,0,0,20200803,20201209
1895,0,0,0,1,0,0,0,20200806,20201210
1896,1,1,1,1,0,0,0,20200803,20201029
1897,0,0,0,0,1,0,0,20200807,20201030
1898,1,0,1,0,0,0,0,20200803,20200916
1899,1,1,1,1,1,0,0,20200803,20200918
1900,1,1,1,1,1,0,0,20200803,20201211
1901,1,1,1,1,1,0,0,20200803,20201211
1902,1,1,1,1,0,0,0,20200803,20201210
1903,1,1,1,1,1,0,0,20200803,20201211
1904,1,0,0,0,1,0,0,20200803,20201211
1905,1,1,1,1,1,0,0,20200803,20201211
1906,1,1,1,1,1,0,0,20200803,20201211
1907,1,1,1,1,1,0,0,20200803,20201211
1908,1,1,1,1,1,0,0,20200803,20200814
1909,1,1,1,1,1,0,0,20200803,20201211
1910,1,1,0,0,0,0,0,20200803,20201208
1911,1,1,1,1,1,1,0,20200803,20201024
1912,1,1,1,1,1,0,0,20200803,20201030
1913,1,1,1,1,1,0,0,20200803,20201023
1914,1,1,1,1,1,0,0,20200803,20201211
1915,1,1,1,1,1,0,0,20200928,20200928
1916,1,1,1,1,0,0,0,20200803,20201210
1917,1,1,1,1,1,0,0,20200803,20201211
1918,1,1,1,1,0,0,0,20200803,20200813
1919,1,1,1,1,1,1,0,20200803,20200919
1920,1,1,1,1,1,1,0,20201017,20201212
1921,0,1,1,1,1,1,0,20200804,20200919
1922,0,1,1,1,1,1,0,20201017,20201212
1923,1,1,1,1,1,1,0,20200803,20201212
1924,1,1,1,1,1,0,0,20200803,20201211
1925,1,1,1,1,1,0,0,20200803,20201211
1926,1,1,1,1,1,1,0,20200803,20201212
1927,1,1,1,1,1,1,0,20200803,20201212
1928,1,1,1,1,1,1,0,20200803,20201212
1929,1,0,1,1,0,0,0,20200921,20200924
1930,1,1,1,1,1,0,0,20200803,20201211
1931,1,1,1,1,1,0,0,20200803,20201211
1932,1,1,1,1,1,0,0,20200803,20201211
1933,1,1,1,1,0,0,0,20200803,20200917
1934,0,0,0,0,1,1,0,20200926,20201010
1935,1,1,1,1,1,0,0,20201019,20201211
1936,1,1,1,1,0,0,0,20200928,20201015
1937,1,0,0,0,0,0,0,20200803,20201207
1938,0,1,1,1,1,0,0,20200804,20200918
1939,0,1,1,1,1,0,0,20200922,20201016
1940,1,1,1,1,1,0,0,20200803,20200806
1941,1,1,1,1,0,0,0,20200810,20201210
1942,1,1,1,1,0,0,0,20200803,20201022
1943,0,0,0,0,1,0,0,20200807,20201023
1944,1,1,1,1,0,0,0,20200923,20200928
1945,1,1,1,1,0,1,0,20201026,20201212
1946,0,0,0,0,0,1,0,20200808,20201212
1947,1,1,1,1,0,1,0,20200803,20201212
1948,0,1,1,1,0,0,0,20200804,20201210
1949,0,1,0,1,0,0,0,20200804,20200917
1950,0,1,1,1,0,0,0,20200804,20201210
1951,0,1,1,1,1,0,0,20200804,20201211
1952,0,1,0,1,0,0,0,20200804,20201210
1953,0,0,1,0,0,0,0,20200805,20201209
1954,0,0,1,1,1,0,0,20200805,20201211
1955,0,0,0,0,1,0,0,20200807,20200918
1956,0,0,0,0,1,1,0,20200807,20201212
1957,0,0,0,0,1,1,0,20200807,20201212
1958,0,0,0,0,1,0,0,20200807,20201211
1959,0,0,0,0,0,1,0,20200808,20201212
1960,0,0,0,0,0,1,0,20201003,20201031
1961,0,0,0,0,0,1,0,20200808,20201212
1962,0,0,0,0,0,1,0,20200808,20201212
1963,0,0,0,0,0,1,0,20200808,20201212
1964,0,0,0,0,0,1,0,20200808,20201212
1965,0,0,0,0,0,1,0,20200808,20201024
1966,0,0,0,0,0,1,0,20200808,20201212
1967,0,0,0,0,0,1,0,20200926,20201031
1968,0,0,0,0,0,1,0,20200808,20201212
1969,1,1,1,1,1,0,0,20200810,20201211
1970,1,1,1,1,1,0,0,20200810,20200918
1971,0,0,0,0,0,1,0,20200808,20201212
1972,0,0,0,0,0,0,1,20200809,20201025
1973,0,0,0,0,0,0,1,20200809,20201206
1974,0,0,0,0,0,0,1,20200809,20201206
1975,1,1,1,1,1,0,0,20200810,20201211
1976,1,1,1,1,1,0,0,20200810,20200814
1977,1,1,1,1,1,1,0,20200810,20200919
1978,1,1,1,1,1,0,0,20200810,20201211
1979,1,1,1,1,1,0,0,20200810,20201211
1980,0,0,0,0,0,0,1,20200816,20201206
1981,0,0,0,0,0,0,1,20200816,20201206
1982,1,1,1,1,1,0,0,20200817,20201211
1983,0,0,0,0,0,1,0,20200822,20201212
1984,1,1,1,1,1,1,0,20200824,20201212
1985,1,1,1,1,1,1,0,20200824,20201212
1986,0,0,0,0,0,1,0,20200829,20201212
1987,0,0,0,0,0,0,1,20200830,20201206
1988,0,0,0,0,0,0,1,20200830,20201018
1989,1,1,1,1,1,1,0,20200831,20201212
1990,1,1,1,1,1,0,0,20200831,20201211
1991,0,0,0,0,0,0,1,20200906,20200927
1992,0,0,0,0,0,0,1,20200906,20201206
1993,0,0,0,0,0,0,1,20200906,20201206
1994,0,0,0,0,0,0,1,20200906,20201206
1995,1,1,1,1,1,1,0,20200907,20201212
1996,1,1,1,1,1,0,0,20200907,20201211
1997,1,1,1,1,1,0,0,20200907,20201211
1998,1,1,1,1,1,0,0,20200907,20201211
1999,1,1,1,1,1,0,0,20200907,20200914
2000,1,0,0,0,0,0,0,20200907,20201207
2001,1,1,1,1,1,0,0,20200907,20201211
2002,1,1,1,1,1,0,0,20200907,20201211
2003,1,1,1,1,1,0,0,20200907,20201211
2004,1,1,1,1,1,1,0,20200907,20201212
2005,1,1,1,1,1,1,0,20200907,20201212
2006,1,1,1,1,1,0,0,20200907,20201211
2007,1,1,1,1,1,0,0,20200907,20201211
2008,1,1,1,1,1,0,0,20200907,20201211
2009,1,1,1,1,1,0,0,20200907,20201211
2010,1,1,1,1,1,0,0,20200907,20201211
2011,1,1,1,1,0,0,0,20200907,20201210
2012,1,1,1,1,1,0,0,20200907,20201009
2013,1,1,1,1,1,0,0,20200907,20201211
2014,1,1,1,1,1,0,0,20200907,20201009
2015,1,1,1,1,1,0,0,20200907,20201211
2016,1,1,1,1,1,0,0,20200907,20201211
2017,1,1,1,1,1,0,0,20200907,20201211
2018,1,1,1,1,1,0,0,20200907,20201211
2019,1,1,1,1,1,0,0,20200907,20201211
2020,1,1,1,1,1,0,0,20200907,20201009
2021,1,1,1,1,1,0,0,20200907,20201211
2022,1,1,0,0,0,0,0,20200907,20201208
2023,0,1,0,0,0,0,0,20200922,20200929
2024,1,1,1,1,1,0,0,20200907,20201211
2025,1,1,1,1,1,0,0,20200907,20201211
2026,1,1,1,1,1,0,0,20200907,20201211
2027,1,1,1,1,1,0,0,20200907,20201211
2028,1,1,1,1,1,0,0,20200907,20201211
2029,1,0,1,1,1,0,0,20200907,20201211
2030,1,1,1,1,1,0,0,20200907,20201211
2031,1,1,1,1,1,0,0,20200907,20201211
2032,1,1,0,0,0,0,0,20200907,20201208
2033,1,1,1,1,1,0,0,20200907,20201211
2034,1,1,1,1,1,0,0,20200907,20201211
2035,0,1,0,1,1,0,0,20200922,20200925
2036,1,1,1,1,1,0,0,20200907,20201211
2037,1,1,1,1,1,0,0,20200907,20201211
2038,1,1,0,0,1,0,0,20200907,20201211
2039,0,0,1,1,0,0,0,20200909,20201210
2040,1,1,0,0,0,0,0,20200907,20201208
2041,1,1,1,1,1,0,0,20200907,20201211
2042,1,1,0,0,0,0,0,20200907,20201208
2043,1,1,1,1,1,0,0,20200907,20201211
2044,0,0,1,1,0,0,0,20200909,20201210
2045,1,1,1,1,1,0,0,20200907,20201211
2046,1,0,0,1,1,0,0,20200907,20201211
2047,1,1,0,0,0,0,0,20200907,20201208
2048,0,0,1,1,0,0,0,20201007,20201007
2049,1,1,0,0,1,0,0,20200907,20201211
2050,1,0,0,0,0,0,0,20200907,20201207
2051,0,0,0,0,0,0,1,20200906,20201206
2052,1,0,1,1,1,0,0,20200907,20201211
2053,1,1,1,1,1,0,0,20200907,20201211
2054,1,1,1,1,1,0,0,20200907,20200911
2055,1,1,1,1,1,0,0,20200907,20201211
2056,1,1,1,1,1,1,0,20200907,20201205
2057,0,1,1,1,1,0,0,20200908,20201211
2058,0,1,1,1,1,0,0,20200908,20201211
2059,1,1,1,1,0,0,0,20200907,20201210
2060,0,1,1,0,0,0,0,20200908,20201209
2061,0,1,0,1,1,0,0,20200908,20201211
2062,1,0,1,1,0,0,0,20200907,20201210
2063,1,0,1,0,0,0,0,20200921,20200923
2064,0,1,0,1,1,0,0,20200929,20201002
2065,0,1,1,0,0,0,0,20200908,20201209
2066,1,1,0,0,0,0,0,20200907,20201208
2067,0,1,1,1,1,0,0,20200908,20201211
2068,1,1,1,1,0,0,0,20200907,20201210
2069,0,1,1,1,1,0,0,20200908,20201211
2070,1,1,1,1,0,0,0,20200907,20201210
2071,0,1,1,0,0,0,0,20200908,20201209
2072,1,1,0,0,0,0,0,20200907,20201208
2073,0,1,1,1,1,0,0,20200908,20200911
2074,1,1,1,1,0,0,0,20200907,20200910
2075,0,1,1,0,0,0,0,20200908,20201209
2076,0,0,1,1,1,0,0,20200930,20201002
2077,0,0,1,1,1,0,0,20200909,20201211
2078,0,0,1,0,0,0,0,20200909,20201209
2079,0,1,0,0,0,0,0,20200908,20201208
2080,0,0,1,1,1,0,0,20200909,20201211
2081,0,0,1,1,1,0,0,20200909,20201211
2082,0,0,1,1,0,0,0,20200909,20201210
2083,0,0,1,1,1,0,0,20200909,20201211
2084,0,0,0,1,1,0,0,20201001,20201001
2085,0,0,1,1,0,0,0,20200930,20200930
2086,0,0,1,1,0,0,0,20200909,20201210
2087,0,0,0,1,1,0,0,20200910,20201211
2088,0,0,1,1,0,0,0,20200909,20201210
2089,0,0,0,1,1,0,0,20200910,20201211
2090,0,0,1,1,0,0,0,20200909,20201210
2091,0,0,0,1,1,0,0,20200910,20201211
2092,0,0,0,0,0,1,0,20200912,20201212
2093,0,0,0,0,0,1,0,20200912,20201212
2094,0,0,0,0,0,1,0,20200912,20201212
2095,0,0,0,0,0,1,0,20200912,20201010
2096,0,0,0,0,0,1,0,20200912,20201212
2097,0,0,0,0,0,1,0,20200912,20201003
2098,0,0,0,0,0,1,0,20200912,20201010
2099,0,0,0,0,0,1,0,20200912,20201212
2100,0,0,0,0,0,1,0,20200912,20201212
2101,0,0,0,0,1,0,0,20200911,20201211
2102,0,0,0,0,0,1,0,20200912,20201212
2103,0,0,0,0,0,1,0,20200912,20201212
2104,0,0,0,0,0,1,0,20200912,20201212
2105,0,0,0,0,0,1,0,20200926,20201107
2106,0,0,0,0,0,1,0,20200912,20201212
2107,0,0,0,0,0,1,0,20200912,20201212
2108,0,0,0,0,0,0,1,20200913,20201206
2109,0,0,0,0,0,0,1,20200913,20201206
2110,0,0,0,0,0,0,1,20200913,20201025
2111,0,0,0,0,0,0,1,20200913,20201206
2112,0,0,0,0,0,0,1,20200913,20201206
2113,0,0,0,0,0,0,1,20200913,20201206
2114,0,0,0,0,0,0,1,20200913,20201025
2115,0,0,0,0,0,0,1,20200913,20201206
2116,0,0,0,0,0,0,1,20200913,20201206
2117,0,0,0,0,0,0,1,20200913,20201004
2118,0,0,0,0,0,0,1,20200913,20201206
2119,0,0,0,0,0,0,1,20200913,20201206
2120,0,0,0,0,0,0,1,20200913,20201206
2121,0,0,0,0,0,0,1,20200913,20201206
2122,0,0,0,0,0,0,1,20200913,20201206
2123,0,0,0,0,0,0,1,20200913,20201206
2124,0,0,0,0,0,0,1,20200913,20201206
2125,0,0,0,0,0,0,1,20200913,20201206
2126,1,1,1,1,1,1,0,20200914,20201212
2127,1,1,1,1,1,1,0,20200914,20201003
2128,1,0,1,0,1,1,0,20201005,20201010
2129,1,1,0,1,1,0,0,20200914,20201211
2130,1,1,1,1,1,1,0,20200914,20201212
2131,1,1,1,1,1,1,0,20200914,20200919
2132,1,1,1,1,1,1,0,20201024,20201212
2133,0,0,0,0,0,1,0,20200919,20201031
2134,1,1,1,1,1,1,0,20200914,20201212
2135,1,1,1,1,1,0,0,20200914,20201211
2136,0,0,0,0,0,1,0,20200919,20201212
2137,1,1,1,1,1,1,0,20200914,20201212
2138,1,1,1,1,1,0,0,20200914,20201211
2139,1,1,1,1,1,0,0,20200914,20201211
2140,1,1,1,1,1,0,0,20200914,20201211
2141,1,1,1,1,1,0,0,20200914,20201211
2142,1,1,1,1,1,1,0,20200914,20201212
2143,0,0,0,0,0,1,0,20200919,20201212
2144,1,1,1,1,1,0,0,20200914,20201211
2145,1,1,1,1,1,0,0,20200914,20201211
2146,1,1,1,1,0,0,0,20200921,20201015
2147,1,1,1,1,1,1,0,20201005,20201212
2148,1,1,1,1,1,0,0,20200914,20200918
2149,1,1,1,1,1,0,0,20200928,20201023
2150,1,1,1,1,1,0,0,20200914,20200925
2151,1,1,1,1,1,0,0,20200914,20201211
2152,1,1,1,1,1,1,0,20200914,20201212
2153,1,1,1,1,1,1,0,20200914,20201212
2154,1,1,1,1,1,0,0,20200914,20201211
2155,1,1,1,1,1,0,0,20200914,20201211
2156,1,1,1,1,1,0,0,20200914,20201211
2157,1,1,1,1,1,1,0,20200914,20201212
2158,1,1,1,1,1,1,0,20200914,20201212
2159,1,1,1,1,1,1,0,20200914,20200918
2160,1,1,1,1,1,0,0,20200914,20200915
2161,1,1,0,0,1,0,0,20200918,20201208
2162,0,0,1,1,0,0,0,20200916,20201210
2163,1,1,1,1,1,0,0,20200914,20201211
2164,1,1,1,1,1,1,0,20200914,20201212
2165,1,1,1,1,1,0,0,20200914,20201030
2166,1,0,0,0,0,0,0,20200914,20200914
2167,0,1,1,1,1,0,0,20200915,20200918
2168,1,1,1,1,0,0,0,20200914,20200917
2169,0,0,0,0,1,0,0,20201127,20201211
2170,1,1,1,1,1,0,0,20200914,20201211
2171,1,1,1,1,0,0,0,20200914,20201210
2172,1,0,0,0,1,0,0,20201030,20201204
2173,0,1,1,0,0,0,0,20200915,20201209
2174,1,1,1,1,0,0,0,20200914,20201210
2175,1,1,1,1,1,1,0,20200914,20201212
2176,0,1,1,1,1,0,0,20200915,20201211
2177,1,1,1,1,1,0,0,20200914,20201211
2178,1,1,1,1,1,1,0,20200914,20201212
2179,1,1,1,1,1,1,0,20200914,20201212
2180,1,1,1,0,0,0,0,20200928,20201007
2181,1,1,1,1,1,0,0,20200914,20201002
2182,1,1,1,1,1,1,0,20200925,20201212
2183,0,0,0,0,1,1,0,20200918,20200919
2184,1,1,1,1,1,0,0,20200925,20201211
2185,1,1,1,1,1,1,0,20200914,20201212
2186,1,1,1,1,1,0,0,20200914,20201211
2187,1,1,1,1,1,0,0,20200914,20201023
2188,1,1,1,1,1,0,0,20200914,20201211
2189,1,1,1,1,1,0,0,20200914,20201211
2190,1,1,1,1,1,0,0,20200914,20201211
2191,1,1,1,1,1,0,0,20200914,20201211
2192,1,1,1,1,1,0,0,20200914,20201211
2193,1,1,1,1,0,0,0,20200914,20201210
2194,1,1,1,1,1,0,0,20200914,20201023
2195,1,1,1,1,1,0,0,20200914,20201023
2196,1,1,1,1,1,0,0,20200914,20201023
2197,1,1,1,1,1,0,0,20200914,20201211
2198,1,1,1,1,1,0,0,20200914,20201211
2199,1,1,1,1,1,0,0,20200914,20201211
2200,1,1,1,1,0,0,0,20200914,20201210
2201,1,1,1,1,0,0,0,20200914,20201210
2202,1,1,1,1,1,0,0,20200914,20201211
2203,1,0,1,1,1,0,0,20201026,20201030
2204,1,1,1,1,1,0,0,20200914,20201211
2205,1,1,1,1,1,0,0,20200914,20201211
2206,1,1,1,1,1,0,0,20200914,20201211
2207,1,1,1,1,1,0,0,20200914,20201211
2208,1,1,1,1,1,0,0,20200914,20201211
2209,1,1,1,1,1,0,0,20200914,20201211
2210,1,1,1,1,1,0,0,20200914,20201211
2211,1,1,1,1,0,0,0,20200914,20201210
2212,1,1,1,1,1,0,0,20200914,20201211
2213,1,1,1,1,1,0,0,20200914,20201211
2214,1,1,1,1,0,0,0,20200921,20201008
2215,1,1,1,1,1,0,0,20200914,20201211
2216,1,1,1,1,1,0,0,20200914,20201211
2217,1,1,1,1,1,0,0,20200914,20201009
2218,1,0,0,0,0,0,0,20200914,20201005
2219,0,1,1,1,1,0,0,20200915,20201009
2220,1,1,1,1,1,0,0,20200914,20201211
2221,1,0,0,0,0,0,0,20200914,20201207
2222,1,1,1,1,1,0,0,20200914,20201211
2223,1,0,1,0,1,0,0,20200914,20200918
2224,1,0,1,0,0,0,0,20201005,20201028
2225,1,0,0,0,0,0,0,20200921,20201207
2226,0,0,1,0,0,0,0,20200923,20201209
2227,0,1,0,1,0,0,0,20200915,20201029
2228,0,1,0,0,0,0,0,20200922,20201208
2229,0,0,0,1,0,0,0,20200924,20201210
2230,0,1,0,1,0,0,0,20200915,20200917
2231,0,1,0,1,0,0,0,20200929,20201210
2232,0,0,0,0,1,0,0,20200918,20201211
2233,0,0,0,0,1,0,0,20200918,20201211
2234,0,0,0,0,1,0,0,20200918,20201211
2235,0,0,0,0,1,0,0,20200918,20201211
2236,0,0,0,0,0,1,0,20200919,20201212
2237,0,0,0,0,0,1,0,20200919,20201212
2238,0,0,0,0,0,1,0,20200919,20201024
2239,0,0,0,0,0,1,0,20200919,20201212
2240,0,0,0,0,0,1,0,20200919,20201212
2241,0,0,0,0,0,1,0,20200919,20201212
2242,0,0,0,0,0,1,0,20200919,20201212
2243,0,0,0,0,0,1,0,20200919,20201212
2244,0,0,0,0,0,1,0,20200919,20201212
2245,0,0,0,0,0,1,0,20200919,20201212
2246,0,0,0,0,0,1,0,20200919,20201212
2247,1,1,1,1,1,0,0,20200914,20200921
2248,0,0,0,0,0,1,0,20200919,20201212
2249,0,0,0,0,0,1,0,20200919,20201212
2250,0,0,0,0,0,1,0,20200919,20201212
2251,0,0,0,0,0,1,0,20200919,20201212
2252,0,0,0,0,0,1,0,20200919,20201212
2253,0,0,0,0,0,1,0,20200919,20201212
2254,0,0,0,0,0,1,0,20200919,20201212
2255,0,0,0,0,0,1,0,20200919,20201212
2256,0,0,0,0,0,1,0,20200919,20201212
2257,0,0,0,0,0,1,0,20200919,20201212
2258,0,0,0,0,0,1,0,20200919,20201212
2259,0,0,0,0,0,1,0,20200919,20201212
2260,0,0,0,0,0,1,0,20200919,20201212
2261,0,0,0,0,0,1,0,20200919,20201212
2262,0,0,0,0,0,1,0,20200919,20201212
2263,0,0,0,0,0,1,0,20200919,20201212
2264,0,0,0,0,0,1,0,20200919,20201010
2265,0,0,0,0,0,1,0,20200919,20201010
2266,0,0,0,0,0,1,0,20200919,20201212
2267,0,0,0,0,0,1,0,20200919,20201212
2268,0,0,0,0,0,0,1,20200920,20201206
2269,0,0,0,0,0,0,1,20200920,20201206
2270,0,0,0,0,0,0,1,20200920,20201206
2271,0,0,0,0,0,0,1,20200920,20201206
2272,0,0,0,0,0,0,1,20200920,20201206
2273,0,0,0,0,0,0,1,20200920,20201206
2274,0,0,0,0,0,0,1,20200920,20201206
2275,0,0,0,0,0,0,1,20200920,20201206
2276,0,0,0,0,0,0,1,20200920,20201206
2277,0,0,0,0,0,0,1,20200920,20201206
2278,0,0,0,0,0,0,1,20200920,20201206
2279,0,0,0,0,0,0,1,20200920,20201206
2280,0,0,0,0,0,0,1,20200920,20201206
2281,0,0,0,0,0,0,1,20200920,20201206
2282,0,0,0,0,0,0,1,20200920,20201206
2283,0,0,0,0,0,0,1,20200920,20201206
2284,0,0,0,0,0,0,1,20200920,20201206
2285,0,0,0,0,0,0,1,20200920,20201206
2286,0,0,0,0,0,0,1,20200920,20201206
2287,0,0,0,0,0,0,1,20200920,20201206
2288,0,0,0,0,0,0,1,20201004,20201206
2289,0,0,0,0,0,0,1,20200920,20201206
2290,0,0,0,0,0,0,1,20200920,20201018
2291,0,0,0,0,0,0,1,20200920,20201206
2292,0,0,0,0,0,0,1,20201011,20201101
2293,0,0,0,0,0,0,1,20200920,20201206
2294,0,0,0,0,0,0,1,20200920,20201206
2295,0,0,0,0,0,0,1,20200920,20201206
2296,0,0,0,0,0,0,1,20200927,20201206
2297,0,0,0,0,0,0,1,20200920,20201206
2298,0,0,0,0,0,0,1,20200920,20201206
2299,0,0,0,0,0,0,1,20201018,20201108
2300,0,0,0,0,0,0,1,20200920,20201206
2301,0,0,0,0,0,0,1,20200920,20201206
2302,0,0,0,0,0,0,1,20200920,20201206
2303,0,0,0,0,0,0,1,20201004,20201206
2304,0,0,0,0,0,0,1,20201018,20201206
2305,0,0,0,0,0,0,1,20201004,20201025
2306,0,0,0,0,0,0,1,20201004,20201206
2307,0,0,0,0,0,0,1,20201004,20201206
2308,0,0,0,0,0,0,1,20201025,20201122
2309,0,0,0,0,0,0,1,20201004,20201206
2310,0,0,0,0,0,0,1,20200920,20201206
2311,0,0,0,0,0,0,1,20201004,20201206
2312,0,0,0,0,0,0,1,20201011,20201122
2313,0,0,0,0,0,0,1,20200920,20201206
2314,0,0,0,0,0,0,1,20200920,20201206
2315,0,0,0,0,0,0,1,20200920,20201206
2316,0,0,0,0,0,0,1,20200920,20201206
2317,0,0,0,0,0,0,1,20200920,20201206
2318,0,0,0,0,0,0,1,20200920,20201206
2319,0,0,0,0,0,0,1,20200920,20201206
2320,0,0,0,0,0,0,1,20200920,20201206
2321,0,0,0,0,0,0,1,20200920,20201206
2322,0,0,0,0,0,0,1,20200927,20201206
2323,0,0,0,0,0,0,1,20200920,20201206
2324,0,0,0,0,0,0,1,20200920,20201206
2325,1,1,1,1,0,1,0,20200928,20201003
2326,1,0,1,0,1,1,0,20201005,20201031
2327,1,0,1,0,0,1,0,20201102,20201107
2328,1,1,1,1,1,1,0,20200921,20201212
2329,1,1,1,1,1,1,0,20200921,20201212
2330,1,1,1,1,0,0,0,20200921,20201210
2331,1,1,0,0,0,0,0,20200928,20201013
2332,0,0,1,1,0,0,0,20200930,20201015
2333,0,1,1,1,1,1,0,20200929,20201003
2334,1,1,1,1,1,0,0,20200921,20201211
2335,0,1,1,1,1,1,0,20200922,20200926
2336,1,1,1,1,1,1,0,20200928,20201212
2337,1,1,1,1,0,1,0,20201012,20201017
2338,0,0,1,1,1,1,0,20200923,20200926
2339,1,1,1,1,1,1,0,20200928,20201212
2340,0,0,0,0,1,1,0,20200925,20200926
2341,0,0,0,0,0,0,1,20200927,20201206
2342,0,0,0,0,0,1,0,20201003,20201212
2343,1,1,1,1,1,1,0,20201005,20201010
2344,1,0,1,0,1,1,0,20201012,20201031
2345,1,1,1,1,1,0,0,20201012,20201211
2346,1,1,1,1,1,0,0,20201012,20201211
2347,1,1,1,1,1,0,0,20201012,20201211
2348,0,1,1,1,1,0,0,20201013,20201204
2349,0,0,0,0,0,1,0,20201017,20201212
2350,1,1,1,1,1,1,0,20201026,20201031
2351,1,0,0,0,0,0,0,20201102,20201207
2352,1,1,1,1,1,1,0,20201102,20201212
2353,1,0,0,0,0,0,0,20201102,20201207
2354,0,0,0,0,0,0,1,20201101,20201206
2355,1,0,0,0,0,0,0,20201109,20201207
2356,0,0,0,0,0,0,1,20201213,20210328
2357,0,0,0,0,0,0,1,20201213,20210103
2358,0,0,0,0,0,0,1,20201213,20210509
2359,1,0,0,0,0,0,0,20201214,20210510
2360,1,1,1,1,1,0,0,20201214,20210514
2361,0,1,1,1,0,0,0,20201215,20210513
2362,0,0,0,0,1,0,0,20201218,20210514
2363,0,0,0,0,0,0,1,20200517,20201206
2364,1,1,1,1,1,1,0,20200914,20201212
2365,1,0,0,0,0,0,0,20200518,20201207
2366,1,1,1,1,1,0,0,20200907,20201211
2367,1,1,1,1,1,0,0,20200518,20201211
2368,0,0,0,1,1,0,0,20201203,20201204
2369,1,1,1,1,1,0,0,20200914,20201211
2370,0,0,0,0,0,1,0,20201010,20201128
2371,0,0,0,0,0,1,0,20200829,20201017
2372,1,1,1,1,1,0,0,20200831,20201023
2373,1,1,1,0,1,0,0,20200907,20201211
2374,0,0,0,0,0,1,0,20200912,20200919
2375,1,1,0,1,0,0,0,20200914,20201210
2376,0,0,1,0,1,0,0,20200923,20201211
2377,1,1,0,1,1,0,0,20201102,20201106
2378,0,0,0,0,0,1,0,20200919,20201031
2379,0,0,0,0,0,1,0,20200919,20201205
2380,1,1,1,1,1,0,0,20201012,20201030
2381,1,1,1,1,1,0,0,20200921,20201211
2382,1,0,1,1,1,0,0,20201102,20201106
2383,0,1,0,0,0,0,0,20201103,20201103
2384,1,1,0,1,1,0,0,20201012,20201016
2385,1,1,1,1,1,0,0,20200921,20201016
2386,0,0,0,0,1,0,0,20201009,20201030
2387,1,1,1,1,0,0,0,20201019,20201210
2388,1,1,1,1,1,0,0,20200921,20201211
2389,1,1,1,1,1,0,0,20201005,20201211
2390,1,1,1,1,0,0,1,20201004,20201210
2391,1,1,1,1,0,0,1,20200920,20201210
2392,1,1,1,1,1,0,0,20200921,20201106
2393,1,1,1,1,1,0,0,20201109,20201204
2394,1,1,1,1,1,0,0,20200928,20201120
2395,1,1,1,1,1,0,0,20200921,20201120
2396,1,1,1,1,1,0,0,20201123,20201211
2397,0,1,1,1,1,1,0,20200922,20201205
2398,1,1,1,1,1,0,0,20200921,20201204
2399,0,1,1,1,1,0,0,20200929,20201211
2400,0,1,1,1,1,0,0,20200922,20201211
2401,0,1,1,1,1,0,0,20200922,20201211
2402,1,1,1,1,0,0,0,20200921,20201210
2403,0,1,1,1,1,0,0,20200922,20201211
2404,0,0,0,0,1,0,0,20200925,20201211
2405,0,0,0,0,1,0,0,20200925,20201211
2406,0,0,0,0,1,0,0,20200925,20201211
2407,0,0,0,0,0,1,0,20200926,20201128
2408,0,0,0,0,0,1,0,20200926,20201128
2409,0,0,0,0,0,1,0,20200926,20201128
2410,0,0,0,0,0,1,0,20200926,20201212
2411,0,0,0,0,0,1,0,20200926,20201212
2412,0,0,0,0,0,1,0,20200926,20201212
2413,1,0,1,1,1,0,0,20201005,20201009
2414,1,1,1,1,1,0,0,20200928,20201204
2415,0,1,1,0,1,0,0,20200922,20200925
2416,1,1,1,1,1,0,0,20201005,20201211
2417,0,0,0,0,1,0,0,20201002,20201211
2418,0,0,0,0,0,1,0,20201003,20201128
2419,0,0,0,0,0,1,0,20201003,20201212
2420,1,1,1,0,0,0,1,20201004,20201007
2421,0,1,1,0,0,0,0,20201117,20201118
2422,1,1,0,0,0,0,0,20201116,20201117
2423,0,1,1,0,0,0,0,20201110,20201111
2424,1,1,0,0,0,0,0,20201109,20201110
2425,0,0,0,0,0,1,0,20201010,20201205
2426,0,0,1,1,1,0,0,20201014,20201016
2427,0,0,1,1,0,0,0,20201014,20201015
2428,0,1,1,1,0,0,0,20201020,20201022
2429,0,0,1,1,0,0,0,20201021,20201022
2430,0,0,0,0,0,1,0,20201024,20201128
2431,0,1,1,1,1,1,0,20201027,20201031
2432,0,1,1,1,1,1,0,20201103,20201107
2433,0,1,0,1,1,0,0,20201103,20201106
2434,0,0,0,0,0,1,0,20201107,20201114
2435,0,0,0,0,1,0,0,20201113,20201113
2436,1,1,1,1,0,0,0,20201116,20201119
2437,0,1,1,1,0,0,0,20201117,20201119
2438,0,0,0,1,1,1,0,20201119,20201121
2439,0,0,0,1,1,0,0,20201119,20201120
2440,0,0,0,0,1,0,0,20201120,20201120
2441,1,1,1,1,1,0,0,20201123,20201127
2442,1,1,1,1,0,0,1,20201122,20201126
2443,0,1,1,1,0,0,0,20201124,20201126
2444,0,1,0,0,0,0,0,20201124,20201124
2445,0,0,1,1,1,0,0,20201125,20201127
2446,0,0,0,0,1,0,0,20201127,20201127
2447,0,0,0,0,0,1,0,20201128,20201128
2448,0,0,0,0,0,0,1,20201206,20201206
2449,1,1,1,1,1,0,0,20200914,20201211
2450,0,0,0,0,0,1,0,20200919,20201128
2451,0,0,0,0,0,1,0,20200919,20201128
2452,1,1,1,1,0,0,0,20200921,20201210
2453,1,1,1,1,0,0,0,20200921,20201210
2454,0,0,0,0,0,1,0,20200926,20201128
2455,1,1,1,1,1,0,0,20200928,20201211
2456,1,1,0,1,0,0,0,20201005,20201008
2457,1,0,0,0,0,0,0,20200518,20201207
2458,1,0,0,0,0,0,0,20200518,20201130
2459,1,0,0,0,0,0,0,20201026,20201207
2460,0,1,1,1,0,0,0,20201006,20201210
2461,0,1,0,0,0,0,0,20201027,20201208
2462,0,1,0,0,0,0,0,20201006,20201020
2463,0,0,0,0,1,0,0,20200522,20201211
2464,0,0,0,0,0,1,0,20200523,20201212
2465,0,0,0,0,0,1,0,20200926,20201128
2466,0,0,0,0,0,0,1,20200628,20201206
2467,0,0,0,0,0,0,1,20200628,20201206
2468,0,0,0,0,0,0,1,20200816,20201206
2469,0,0,0,0,0,1,0,20201010,20201205
